0.0	0.0	-6.653457719836194	5.734589256031782	-16.291112899780273	-6.410055170457973	-6.005431398053597	-16.291112899780273	84.07201302193243	0.0
5.961328264643284	0.5215486427129579	-19.879007040459758	-4.8849179826796565	-12.222007751464844	3.2193601428531107	-20.215663849667777	-12.222007751464844	85.0	0.5984099570156787
11.961450211352624	0.31201976728954584	-27.302305214530826	-6.2660316479829765	-4.771258354187012	7.21531813045847	-27.066920898343767	-4.771258354187012	92.0	0.6003779286834191
17.95362593543107	0.7310335122796472	-29.06277801673397	-4.1939908996133894	4.397365570068359	2.252090985293794	-29.277341271193897	4.397365570068359	86.0	0.6006808006481118
23.967599973594886	0.7310335122796475	-27.330136595080173	-1.3271400542286846	0.07175350189208984	1.5289334491637256	-27.319590581436373	0.07175350189208984	90.0	0.6013974038163816
29.965769829013432	1.1504664077647329	-23.798127232519555	1.0066315096581484	3.6633594036102295	-2.641340479023094	-23.672504878979318	3.6633594036102295	86.0	0.6012816774879036
35.99513589805987	1.3610165104432692	-26.103801266875216	0.9025056830751635	2.405705213546753	-1.5419960179412142	-26.073841400322134	2.405705213546753	88.0	0.6033041234759334
41.986267384308306	1.990709803681526	-24.704636640221064	4.011789652367779	7.3475494384765625	-6.600001216758986	-24.142359281540365	7.3475494384765625	84.0	0.6024132313376473
48.02718419650107	2.3073008386421376	-16.169193446876733	5.405246614407265	6.7943854331970215	-6.246334925940789	-15.863253376216841	6.7943854331970215	87.0	0.6049207040203746
54.095169873405474	3.0523557955459597	-8.100783489872704	7.735760476230907	-0.6284260749816895	-8.656617433432475	-7.108280938919295	-0.6284260749816895	83.0	0.6113555190224751
60.3305893592873	3.7077247921702665	-8.975515083189498	10.885693084138449	-10.184294700622559	-11.811447354631392	-7.716728342982725	-10.184294700622559	84.0	0.6269765919605863
66.58557944239371	4.586806319505222	-14.088153673729975	18.236095540864707	-17.006195068359375	-20.167159223798127	-11.14975082018209	-17.006195068359375	82.0	0.6316461451751374
72.83476609959959	5.354109959210537	-14.536573530655403	22.31025908228619	-29.637081146240234	-23.85805666215654	-11.825936015225718	-29.637081146240234	83.0	0.6296116958261262
79.05171680395819	6.227845400504713	-21.213754841031445	24.209819227698496	-30.58620834350586	-27.097771346039526	-17.37381735747743	-30.58620834350586	82.0	0.6278048238250346
85.24808905955237	7.2092543522494825	-19.64659944346967	10.096409303296927	-38.40177536010742	-13.158656770845226	-17.7419306305411	-38.40177536010742	81.0	0.6273610815189457
91.37609988776249	8.400418991436254	-26.146440996157867	7.271165541148564	-30.995616912841797	-12.25635732457832	-24.21338328744264	-30.995616912841797	79.0	0.6242706937563982
97.59690062768871	9.385697034999929	-16.836302289989387	0.20773432665239802	-31.293193817138672	-3.054864768064245	-16.55814088595732	-31.293193817138672	81.0	0.6298343803651497
103.7740912775985	10.811813866582344	-17.628785099436097	-2.978930435138052	-37.78736877441406	-1.121008895291379	-17.843526267982167	-37.78736877441406	77.0	0.6339676138625346
109.93999121722008	12.235324032304	-25.675891718279928	-5.167358860736547	-38.47176742553711	-0.7841037345950821	-26.178964732354533	-38.47176742553711	77.0	0.6328088436276658
116.01104003623537	13.976169267873097	-32.791185646457464	-7.653603909634267	-26.826215744018555	-1.6062027042531617	-33.634203153618145	-26.826215744018555	74.0	0.6315708661509857
122.03671736498599	15.818403703842025	-25.176461375847396	-9.072821981412353	-19.553815841674805	1.2442926910850411	-26.732415562661885	-19.553815841674805	73.0	0.6301001109926022
127.8652410039727	18.413429620917803	-19.9751670818968	-5.819175502647732	-16.095136642456055	-2.9644148157445755	-20.59325977791042	-16.095136642456055	66.0	0.6380113425364937
133.66025967517703	20.993538165236526	-15.822778022435324	-4.948688352794308	-21.06348991394043	-1.8004577193855715	-16.480539213297885	-21.06348991394043	66.0	0.6343437672120155
139.28446323987387	23.98398024616995	-18.85110946400014	-3.076347048411039	-16.974891662597656	-6.051948125123092	-18.116350710802717	-16.974891662597656	62.0	0.6369804516354177
145.05370447064783	26.55261193457524	-17.003654410369638	-3.110711857278032	-10.347484588623047	-3.9946282294136224	-16.817958760654182	-10.347484588623047	66.0	0.6315220750658048
150.38197091424666	30.012828621627815	-15.04878753777827	5.083966996076324	-7.622865676879883	-12.4354616138713	-9.882915623656679	-7.622865676879883	57.0	0.6353229321796785
155.56671723596705	33.64322707980149	-12.357714592430929	12.748771239678883	-15.956068992614746	-17.52587830428257	-2.843917673407802	-15.956068992614746	55.0	0.6329406558730677
159.5376919265218	38.5469724338402	-15.724863754256273	19.745687751622214	-22.054235458374023	-24.679778505034367	5.298307070841551	-22.054235458374023	39.0	0.6309941243013488
163.32578028815328	43.57393547798378	-19.1138752192982	27.734001564376218	-27.52574348449707	-31.992231488394598	10.536232394205124	-27.52574348449707	37.0	0.6294439679805748
165.78465210024376	49.366674453754506	-31.04987899584178	26.001355330227636	-33.594608306884766	-38.783727520274454	11.661386894288318	-33.594608306884766	23.0	0.6293002099928654
167.29635632857915	55.42978894990765	-37.796115975109345	21.275932448332505	-31.082502365112305	-41.900733009280806	11.204474893313376	-31.082502365112305	14.0	0.6248728436044375
167.51312079218056	61.63711103233278	-38.10426325356271	16.508434618664875	-25.0543212890625	-38.72837933372617	14.985857527634316	-25.0543212890625	2.0	0.6211105720211425
167.73100359759664	67.8764582342203	-33.231509528721006	17.003061951198305	-23.544780731201172	-33.750239669610735	15.948625756396584	-23.544780731201172	2.0	0.6243150360402792
167.62265621290948	74.08367574574095	-29.52812811684254	6.864106018281928	-27.760677337646484	-29.43204554982545	7.265053080871546	-27.760677337646484	359.0	0.6208163044822296
167.62265621290948	80.31867998850811	-22.859698816806176	7.330839552101737	-28.169836044311523	-22.92333959451767	7.129343614118145	-28.169836044311523	0.0	0.6235004242767157
167.29891466974132	86.49603662519561	-19.91771181883771	-3.1052743781581693	-24.22750473022461	-20.041365561298466	-2.1683264284495816	-24.22750473022461	357.0	0.6185834107345598
167.29891466974132	92.5227718718371	-19.451032787942776	-6.731104614879212	-15.833670616149902	-19.554785646100356	-6.423457339248121	-15.833670616149902	360.0	0.6026735246641481
166.98870775766648	98.4418723626152	-12.395428358105953	-5.475367140908474	-7.648926734924316	-12.63888639849144	-4.887211895826247	-7.648926734924316	357.0	0.5927223544647915
166.98870775766648	104.2964416988379	-3.5321258959118054	0.5763249019469744	-11.759264945983887	-3.5307253782819394	0.5848436033084561	-11.759264945983887	360.0	0.5854569336222695
166.47808888378225	110.13284213411158	2.6830596914546634	4.861015743193228	-14.991067886352539	3.083339552987621	4.61749938434899	-14.991067886352539	355.0	0.5858694536774357
166.17186006043403	115.97603617014101	8.274707563956667	9.115776253644393	-13.252767562866211	8.73896674906073	8.67171390985194	-13.252767562866211	357.0	0.5851212919979845
164.8589504733864	121.66287237155422	5.722923211186299	13.242620049957742	-10.174064636230469	8.543499018043589	11.624433766741754	-10.174064636230469	347.0	0.5836423353858532
164.14658395127103	127.46463211135311	-4.290310563093727	15.795973614140696	-5.637732028961182	-2.132776777508386	16.228703286576646	-5.637732028961182	353.0	0.5845329942798965
163.5346510574274	133.28678468490855	-8.082770589455274	18.383245028838687	-8.448967933654785	-5.8948869688533945	19.197009814461413	-8.448967933654785	354.0	0.5854222617592043
163.5346510574274	139.16887788829135	-8.341230609127862	21.57115618450323	-9.271347999572754	-8.315482381060471	21.581094967150218	-9.271347999572754	0.0	0.5882093203382787
163.84339309599292	145.06002692740785	-7.151692299988813	22.372015248286107	-22.33932876586914	-8.084278230975684	22.05217029018772	-22.33932876586914	3.0	0.5899233733923473
165.70935407548694	150.802864315008	-13.33221584172721	24.266051353423865	-29.428123474121094	-20.309558741976865	18.817838644318254	-29.428123474121094	18.0	0.6038376573004735
166.66826806787338	156.85720898688106	-20.016144001204616	14.660046734937959	-35.862548828125	-22.154906373297333	11.16795032841541	-35.862548828125	9.0	0.6129812839771884
167.53368237489352	163.01495174437028	-19.792146375328095	8.367567716008875	-31.77935791015625	-20.73486144226249	5.640103597859116	-31.77935791015625	8.0	0.6218258420989433
167.31770579468926	169.19971179827743	-11.144104391204403	4.626995075561728	-25.6787052154541	-10.995095733650235	4.97071583569209	-25.6787052154541	358.0	0.6188529939137606
167.09897145955088	175.46344362097034	1.2207859746851064	11.793135941518328	-13.341501235961914	1.604830271404196	11.747037649173683	-13.341501235961914	358.0	0.6267549844714766
166.33721839992367	181.66742443114393	16.888227496073615	24.52579027197297	-8.59174919128418	19.86130590117755	22.18682366459405	-8.59174919128418	353.0	0.6250571623208032
165.90039451765355	187.9142969844502	14.686319780994205	19.85824423058141	-8.559008598327637	15.97873401122809	18.833956356258877	-8.559008598327637	356.0	0.6262126779407521
165.24269326460563	194.17190640794703	-10.558161259101622	22.105982319271895	-21.735645294189453	-7.888883865626262	23.192988915355812	-21.735645294189453	354.0	0.6292078085600734
165.0240507084388	200.43301002476474	-25.235344589277208	19.085022922274113	-28.9980411529541	-24.71911027487746	19.749083616758995	-28.9980411529541	358.0	0.6264920036831658
164.69563837302493	206.6994906867331	-32.82075431647311	8.759598158097056	-35.24555206298828	-32.230139839969695	10.730822880358424	-35.24555206298828	357.0	0.6275080441625874
165.02198469608982	212.92654948467145	-29.665320621927137	2.4030253240863515	-36.599449157714844	-29.749812913660154	0.8685677360777969	-36.599449157714844	3.0	0.6235604477158534
164.3710751675839	219.11953996560285	-19.589286333538308	-5.7701287624890485	-30.86345672607422	-20.0919750700628	-3.6533632144955206	-30.86345672607422	354.0	0.6227103203834574
164.26264628925557	225.33142624469986	-13.109158556403901	-5.561762696004822	-23.814809799194336	-13.199004920636408	-5.345045504822601	-23.814809799194336	359.0	0.621283252358288
163.60675842067496	231.57178246747904	-11.493544186966822	-6.130800741629488	-18.08224868774414	-12.068401359229137	-4.903260582906017	-18.08224868774414	354.0	0.6274729849430184
163.1724456087999	237.78274504111823	-14.119377656048282	-3.1367451277105727	-20.091312408447266	-14.308257413298868	-2.114181918641223	-20.091312408447266	356.0	0.6226129111230005
162.30244686179157	243.97310778409363	-26.972093825611328	-2.5372532423949807	-22.533185958862305	-27.068013967311014	1.1198746443600527	-22.533185958862305	352.0	0.6251198981748547
161.7572051268218	250.2052493324465	-37.294514687077594	8.203427538433992	-39.186973571777344	-36.48614488801743	11.26668896941703	-39.186973571777344	355.0	0.6255947316614735
161.10179631820014	256.4410476041806	-39.18541860933023	9.939962518582378	-45.531768798828125	-37.839972034754076	14.228014719850957	-45.531768798828125	354.0	0.6270146791916482
160.44340256780228	262.7052456998482	-22.864058766103067	14.101694596521293	-43.62190628051758	-21.45485371144387	16.16515468450319	-43.62190628051758	354.0	0.6298703050019803
159.45471129668576	268.94759671040623	-17.824246900471174	3.433203852363663	-33.80556106567383	-17.067355631906075	6.180294329146873	-33.80556106567383	351.0	0.6320162701117489
158.90082487383805	275.2785474933451	-16.623098072735182	8.020587626900552	-23.42206573486328	-15.81136536802347	9.52144635102411	-23.42206573486328	355.0	0.6355133986424624
158.01528128524225	281.57951753149115	-15.094581064244858	19.271975626975603	-30.81308937072754	-12.158263724186888	21.24693025556686	-30.81308937072754	352.0	0.6362893278133558
157.79330186877849	287.93617632494124	-12.480154369210167	24.676295907452044	-42.156375885009766	-11.478426303873686	25.15789264580781	-42.156375885009766	358.0	0.6360533458577169
157.23969423079214	294.2639405823334	-18.667036148983247	5.950440913728879	-58.81039047241211	-18.125325476569053	7.438989314662487	-58.81039047241211	355.0	0.6351935288868014
157.35089601903053	300.6346867637821	-21.177737230972443	-0.043169397701359	-64.66168212890625	-21.177053962497066	-0.17550866218397992	-64.66168212890625	1.0	0.6371716624752721
157.24000564327935	306.98759213578785	-19.78915997326568	-14.114408626736347	-57.75302505493164	-20.04917991283833	-13.742553189004946	-57.75302505493164	359.0	0.6353873097654198
158.23873226645182	313.2933038655894	-19.6336867799011	-7.027871787216477	-48.66096115112305	-18.388093507504593	-9.83619111181173	-48.66096115112305	9.0	0.6384313219696423
159.5662586261538	319.5388243485697	-24.851460732489834	0.06594736175366676	-48.86035919189453	-24.37361426958578	-4.850399677392661	-48.86035919189453	12.0	0.63850491258118
161.97158704637258	325.49222109960175	-22.75646410302181	2.0881716232267773	-54.26994323730469	-21.91972934843401	-6.460850136906927	-54.26994323730469	22.0	0.6420945232931939
164.78542662760384	331.2614472025881	-25.18015516951835	4.712530812701008	-44.99127197265625	-24.718617007145955	-6.725929993369905	-44.99127197265625	26.0	0.6418852157222743
168.00184195950533	336.832441975685	-19.710935088095482	11.935095236291696	-42.364845275878906	-23.041034673118837	0.2796096182213416	-42.364845275878906	30.0	0.6432830663802995
170.7217240607516	342.66524796477773	-18.660357905027443	13.785477904347148	-45.00862121582031	-22.718989335169866	4.700625679992135	-45.00862121582031	25.0	0.6435789333957072
173.54696050055188	348.45784109067006	-15.887760182534873	7.263449465169054	-45.2643928527832	-17.463441461321562	-0.4547901469911223	-45.2643928527832	26.0	0.6444850352251063
175.42420384551545	354.59802740107614	-12.332588672372733	-5.457133511323174	-33.097259521484375	-10.150289532414781	-8.87945223144387	-33.097259521484375	17.0	0.6420742208086848
177.18668211812303	360.7445195859236	-4.835350217403802	-1.1296024797227397	-20.980527877807617	-4.323802568478426	-2.441586540748068	-20.980527877807617	16.0	0.6394192352424559
178.29560138376348	367.0335132565741	-5.655483525017271	5.037459123917891	-19.43736457824707	-6.41486019290071	4.0261715105573	-19.43736457824707	10.0	0.6386011535159511
179.28915678689125	373.3065751879856	-6.376273311137384	9.216834010563502	-24.959434509277344	-7.777105876997893	8.069914168971554	-24.959434509277344	9.0	0.6351256437462464
179.61990604146945	379.61764692395633	-17.01238451168996	-0.047849283604331924	-23.409347534179688	-16.982054225050543	-1.0165385506574989	-23.409347534179688	3.0	0.6319732710010201
179.95029752662666	385.92189201270253	-25.399793194756523	-4.303781620629868	-16.802749633789062	-25.140249438607146	-5.6249345542045415	-16.802749633789062	3.0	0.6312896694263627
179.83992982493473	392.24485340790795	-25.200471634569936	-1.3745389538141453	-8.968457221984863	-25.226921238634187	-0.7453675335455476	-8.968457221984863	359.0	0.6323924559546474
180.06085048517872	398.571193390084	-21.926627534215474	3.540373425465001	-3.9686598777770996	-22.032540748608028	2.806846482599596	-3.9686598777770996	2.0	0.6330196166644589
179.61982233999368	404.87818970419175	-23.341636531174515	11.77789482460798	8.034351348876953	-22.55392318821611	13.223893196522567	8.034351348876953	356.0	0.6322397356305156
179.39940281661322	411.1901790042144	-26.42304729398156	28.129791916108623	3.2804760932922363	-25.570491482664494	28.906964331775463	3.2804760932922363	358.0	0.6315836737114672
178.73749169623923	417.48784263975523	-26.00687540497356	31.863128687676973	-14.13715934753418	-22.64722707452744	34.332486713491534	-14.13715934753418	354.0	0.6332352927442414
178.73749169623923	423.8300313951051	-17.459950821701366	19.455386264215157	-23.860261917114258	-17.597048674014534	19.33147214648707	-23.860261917114258	0.0	0.634218875534988
178.40454374097047	430.183056839488	-8.465680758783057	9.561272488264548	-21.232831954956055	-7.913414901914274	10.023150547339657	-21.232831954956055	357.0	0.636174399342621
178.51580123665653	436.55699449847765	-4.82565050636437	9.16003846743854	-22.160568237304688	-4.943576390847484	9.096936847224116	-22.160568237304688	1.0	0.6374908588445204
178.07017247029606	442.929782760589	-15.910106821699385	-2.845428218578207	-25.00284767150879	-16.07092485043683	-1.7185270660011038	-25.00284767150879	356.0	0.6388349961540272
178.18170995886717	449.3197612012197	-25.231043189382266	4.641806652842271	-25.992467880249023	-25.300350434440833	4.24784384380282	-25.992467880249023	1.0	0.6390951813547199
177.40113027129468	455.67707259145027	-34.01949977067003	10.134986834815265	-37.16542053222656	-32.563363585119234	14.130522807448692	-37.16542053222656	353.0	0.6405053689158744
177.51229918087037	462.0459351555756	-41.122079580625815	13.827984371196617	-42.697364807128906	-41.33420761445	13.180358936346307	-42.697364807128906	1.0	0.6369832720501617
177.06967857053408	468.3757047823371	-42.386630651827964	-5.637725909877148	-51.724220275878906	-42.69579168236381	-2.3408938603821556	-51.724220275878906	356.0	0.6345226279067354
177.17928893592207	474.6552784097484	-43.068899725636555	-6.947643462138758	-43.17258834838867	-42.96068488143809	-7.588110948827283	-43.17258834838867	1.0	0.6280530182578548
176.85011866033227	480.93622143181443	-37.234848903240696	4.816204379186179	-36.78553771972656	-36.9155434573508	6.846345646963905	-36.78553771972656	357.0	0.6289562649085524
176.95971384160197	487.2149251616711	-36.75614517135637	12.095321512993142	-38.11890411376953	-36.86884045521218	11.747323688764572	-38.11890411376953	1.0	0.6279660152514119
176.63107587220819	493.48571117645105	-29.308297836667318	12.681610088461635	-43.292083740234375	-28.509753971121796	14.387268157112917	-43.292083740234375	357.0	0.6279391702871182
176.52141267050084	499.768311794572	-26.460032528741632	19.387995219522875	-39.165130615234375	-26.00147687577057	19.998771970625477	-39.165130615234375	359.0	0.6283557634383794
176.08581072660579	505.99770981499023	-29.24208872123587	23.1144651456899	-42.34111022949219	-27.740737571679105	24.896379872004978	-42.34111022949219	356.0	0.6244609575491133
175.8690241553873	512.2056649767371	-25.465737117040995	24.41757196839517	-50.70539474487305	-24.53992538883223	25.347852959502195	-50.70539474487305	358.0	0.6211739185423135
175.3282203722116	518.3870805039666	-31.685473030593446	5.15377471546723	-50.29555130004883	-31.10985202945006	7.918819463529654	-50.29555130004883	355.0	0.6205027530331381
175.2191312734547	524.6367907860827	-28.342909041466662	1.228934419032991	-36.84673309326172	-28.30650715640025	1.890086067828113	-36.84673309326172	359.0	0.6250662288258357
174.56264992767672	530.882793567213	-23.300716489948783	4.4693053583437266	-23.749345779418945	-22.671222912004527	6.993835214336407	-23.749345779418945	354.0	0.6280407510603243
174.34133243073614	537.2204974655444	-19.41808475155602	17.00092361010014	-22.427005767822266	-18.806487403833476	17.67510821875005	-22.427005767822266	358.0	0.6341567009610303
173.79261351450714	543.4923833775565	-26.28667289122298	18.935280958490882	-26.136028289794922	-24.491790092301976	21.205807099513173	-26.136028289794922	355.0	0.6295843497286319
173.46316625909398	549.778611489492	-28.568341559921922	18.764242733768107	-27.306324005126953	-27.755400228901507	19.947047475494355	-27.306324005126953	357.0	0.6294854991927032
173.0238414466824	556.0612490100824	-34.19578888766137	13.03249154740412	-23.020973205566406	-33.125406439778224	15.553303886382608	-23.020973205566406	356.0	0.6297979081096563
173.0238414466824	562.3506926886681	-37.899979115085415	17.48127022567944	-12.430452346801758	-38.03297839698707	17.189990688812248	-12.430452346801758	0.0	0.6289443678585741
172.80284551656717	568.6791881179413	-45.5131412502836	32.93515262429241	-10.16303539276123	-44.29991479212448	34.549788049483205	-10.16303539276123	358.0	0.6332352927582222
172.91362635894848	575.0258183273888	-49.285695936047624	47.93833512002545	-28.861679077148438	-50.35438192470262	46.81452786220949	-28.861679077148438	1.0	0.6347596979212732
172.4697894995815	581.3729811256229	-59.98125658783639	37.66283652579942	-49.875091552734375	-57.63428271990996	41.164667524303475	-49.875091552734375	356.0	0.636266192289196
172.3592875078936	587.7036359895445	-57.30731201174219	20.920669752113973	-56.57076644897461	-57.133374347551474	21.39111891768953	-56.57076644897461	359.0	0.6331619200193691
171.91788515326223	594.0159837480549	-50.7127760864486	-4.061758975437949	-38.139488220214844	-50.87496366469792	0.14702545524227328	-38.139488220214844	356.0	0.6327761868389514
171.91788515326223	600.3834991575111	-43.62697797991933	3.578523454871596	-19.758655548095703	-43.612824916189176	3.747070937046857	-19.758655548095703	360.0	0.6367515409456245
171.58323934239672	606.7689216166118	-36.58866647899805	13.322243934811736	-12.383986473083496	-35.79208279674784	15.334259266124688	-12.383986473083496	357.0	0.6394185468057492
171.80715935819043	613.1811519039949	-23.99087209459389	20.008883892102663	-16.445125579833984	-24.668440215809692	19.167301212894635	-16.445125579833984	2.0	0.6416138825797455
171.4702105238741	619.6105186683554	-14.920865326127378	19.071612919733408	-21.865251541137695	-14.050018172076783	19.721958087494375	-21.865251541137695	357.0	0.6438190080108852
171.58227932516266	626.0309359941816	-10.78180206050315	9.877529501251852	-22.92695426940918	-11.01264367779518	9.61948667787884	-22.92695426940918	1.0	0.6421395335438496
171.35792078169374	632.4557240711438	-9.032480394913495	8.431121399330372	-12.79629898071289	-8.789151853706093	8.684487309406235	-12.79629898071289	358.0	0.6428704269905569
171.35792078169374	638.9015240174551	-6.013177669446656	18.730634188477925	-8.589519500732422	-6.007236882723945	18.732540346193066	-8.589519500732422	0.0	0.6445799946311317
170.79816382503802	645.2995753088645	-8.418770177292553	19.580478208896896	-20.35129165649414	-6.850636652009293	20.182655812585804	-20.35129165649414	355.0	0.642249080793653
170.5746431041558	651.7003712860275	-9.78259679646128	13.75902801623594	-21.10222625732422	-9.268694794904057	14.110327736541716	-21.10222625732422	358.0	0.6404697545858699
169.68615470162956	658.0222947640522	-20.768734495973586	0.9980398467539348	-14.006694793701172	-20.409440169865928	3.973810268824471	-14.006694793701172	352.0	0.6384052639462111
168.8047150304607	664.2940639123954	-25.79284932692001	-2.764760317103323	-12.119579315185547	-25.92738700667273	0.8279969918093492	-12.119579315185547	352.0	0.6333405414468594
166.6533460956316	670.2049014817544	-26.579199414801927	-10.929631169081283	-12.896282196044922	-28.70510291716073	-1.3884327636478406	-12.896282196044922	340.0	0.6290181958027442
163.5190534156334	675.6336556493025	-21.755254489678475	-18.079268817200038	-11.910384178161621	-27.879252113137962	-4.785223138720879	-11.910384178161621	330.0	0.6268585359996379
158.81637112670813	679.7216349952284	-19.61989644275578	-18.775878912674045	-2.221721649169922	-27.064548660147626	2.232525742373479	-2.221721649169922	311.0	0.6231115136417313
153.52280137223306	683.0294244969941	-22.962749075665407	-13.25904457140762	4.247381210327148	-23.47754626639156	12.324566092483346	4.247381210327148	302.0	0.6242063131167818
147.62902475330085	685.0588145334535	-29.49575088623719	-6.4362381825280774	2.1704132556915283	-15.938510593716867	25.639585845702918	2.1704132556915283	289.0	0.6233380042477165
141.66682383364918	686.7684481361306	-32.623070405619224	-5.563668549609978	-3.713451385498047	-14.24615110258963	29.870827058889613	-3.713451385498047	286.0	0.620247425320718
135.53338893543494	687.7398887897513	-34.35136817525736	-4.459942176890563	-4.138814449310303	-9.941012695906686	33.18258347858276	-4.138814449310303	279.0	0.6209888935732989
129.36847626444734	688.6063107623992	-38.93772453395402	-5.567081790641293	-8.588006973266602	-10.646707029534786	37.86537232053884	-8.588006973266602	278.0	0.6225498797332671
123.14379079512432	689.04158317262	-43.805655049152506	-7.234674697545488	-14.10616683959961	-10.085904973892893	43.23829845313351	-14.10616683959961	274.0	0.6239885516826463
116.87192487796446	689.4801547611441	-46.9272926312264	-7.11070938683577	-19.834138870239258	-10.54249410449862	46.27730328938152	-19.834138870239258	274.0	0.6287181174508334
110.50511780498668	689.2578209589502	-39.47552267663896	-5.773208127642561	-30.819263458251953	-4.530377400161357	39.63738769509189	-30.819263458251953	268.0	0.6370687923930813
104.12740701947811	689.3691443148047	-29.80137773518611	2.9799857639670875	-34.83012390136719	2.3921339533060255	29.854315018404513	-34.83012390136719	271.0	0.6378682289717134
97.7833320945353	688.8141096783131	-17.66327137086003	2.9939786326834503	-31.174938201904297	4.445189573324798	17.3549806462241	-31.174938201904297	265.0	0.6368308260518927
91.44981355437443	688.2599986058178	-12.365023792144633	5.89185863392511	-23.754901885986328	7.007298297344507	11.76883945486952	-23.754901885986328	265.0	0.6357711552062061
85.2482481580193	686.7137746910432	-5.349183316918134	5.915208604732182	-22.167980194091797	7.044258267975575	3.7392352760358225	-22.167980194091797	256.0	0.6391417820788308
79.33546871248082	684.3248567274666	1.0759033478836668	14.085188000291618	-18.566234588623047	12.754828231548489	-6.071609819581622	-18.566234588623047	248.0	0.6377138057803152
74.79157195169813	679.9368666316965	2.279456007220464	26.200946467951624	-4.698080539703369	17.433066125859987	-19.69197097694167	-4.698080539703369	226.0	0.6316759838178713
71.18380743040231	674.7844449218129	-8.739223730733427	27.69893470898663	2.769948720932007	23.268277018556734	-17.383679127739995	2.769948720932007	215.0	0.6289945494008679
69.13772829392137	668.8421996370594	-23.55115049870508	26.62153976711901	3.907731056213379	31.107062735684423	-17.196328600696987	3.907731056213379	199.0	0.6284641505839298
68.0586586761965	662.7224917319545	-33.5107416742114	25.766007922989743	8.652656555175781	37.49093248540889	-19.526570441780382	8.652656555175781	190.0	0.6214114263811019
68.16567574001078	656.5914882521979	-35.66261612637264	15.51018730261291	14.518162727355957	35.364173740963146	-16.179101172751274	14.518162727355957	179.0	0.6131937403523866
68.80820545124229	650.478226406875	-28.13772047690691	0.9141883308144808	11.954687118530273	27.89258135097985	-3.8171926228204622	11.954687118530273	174.0	0.6146935400611856
70.09413796770252	644.4283895711789	-15.33747527654054	-12.766223658769006	-1.3292851448059082	17.72940779096435	9.158750665123407	-1.3292851448059082	168.0	0.6184993789442014
71.16592864401528	638.3499625941705	-6.287518432908046	-23.594098536513446	-22.28116226196289	10.05512951901187	22.25103917013227	-22.28116226196289	170.0	0.617219651085845
72.43423701661291	632.3830408363441	-2.820174279592169	-12.449176239256994	-49.007408142089844	5.369077888105893	11.580517027957193	-49.007408142089844	168.0	0.6100226339409359
73.49120108775229	626.3886997157023	-11.300642651620622	-5.164668961314463	-54.39704132080078	12.010017139410694	3.1839940531749615	-54.39704132080078	170.0	0.6086813494620753
74.66252399195457	620.3627657648904	-11.510689827666738	12.353385107482305	-48.9027214050293	8.838813447067656	-14.386711951326895	-48.9027214050293	169.0	0.6138719518389509
75.73173744234246	614.2989549624148	-11.796848721202371	10.171359480411029	-36.91799545288086	9.919263272817187	-12.009596560885026	-36.91799545288086	170.0	0.6157354858273975
76.90334200755335	608.27157199133	-8.131119752083771	3.1840036557790095	-31.896738052368164	7.3424445683956305	-4.726679115698298	-31.896738052368164	169.0	0.6140195659532842
77.86553302342372	602.1965370074716	-8.770490423266553	-7.16766128089085	-35.322269439697266	9.77668455469525	5.719555019420263	-35.322269439697266	171.0	0.6150761059098626
78.72096746760359	596.1098046638697	-9.306661217616416	-0.14309733930531984	-46.19785690307617	9.220814925624504	-1.269248586913563	-46.19785690307617	172.0	0.6146550147110117
79.25739126110362	589.9784526477185	-13.596220748098844	8.803916338881823	-50.590301513671875	12.902677858672169	-9.792194116151638	-50.590301513671875	175.0	0.615477278477386
80.11807658579129	583.8543583479355	-12.193953285997859	34.20903264738916	-34.39061737060547	6.748830060144983	-35.68478253023995	-34.39061737060547	172.0	0.6184279280625006
80.76653041924078	577.6847322447593	-11.556151762152577	36.84299875138456	-10.949618339538574	8.051806827805834	-37.76399882629124	-10.949618339538574	174.0	0.620361012855493
81.7424084383211	571.5232809236528	-7.782994113471495	21.388503536778906	10.224702835083008	4.358686323109167	-22.339313652166595	10.224702835083008	171.0	0.6238254586860716
82.93727666413864	565.3762167939678	-4.610891388107568	5.508490912017705	4.6311354637146	3.470335918206683	-6.289718605431467	4.6311354637146	169.0	0.6262116853870366
84.23036305158604	559.292723641426	-5.664915762636169	1.7162942459810435	-6.517810821533203	5.178557073263694	-2.86696410432742	-6.517810821533203	168.0	0.621940200842692
85.09807001562385	553.1186677816096	-9.186926869875435	2.126685644245493	-14.398538589477539	8.79774933832114	-3.3944106590023955	-14.398538589477539	172.0	0.6234731841512848
85.96683126103905	546.9371103200015	-12.40237356657385	5.872680666959608	-20.251792907714844	11.43842774194809	-7.580871921696294	-20.251792907714844	172.0	0.6242307165840045
86.51504047144155	540.6710503722453	-15.548387517989998	3.2514461979985088	-26.998327255249023	15.189916023621638	-4.646580246093758	-26.998327255249023	175.0	0.6289995278793432
87.39792101037942	534.3890289170046	-17.305447836139123	4.863314399114188	-28.012454986572266	16.383317737762955	-7.397111034550273	-28.012454986572266	172.0	0.6343758476655632
88.06026470812537	528.087249582692	-20.0410106946941	-2.787876533458507	-32.50177001953125	20.224420586021502	0.6222356389356847	-32.50177001953125	174.0	0.6336491296633456
88.82677361797901	521.8445354807147	-15.464613447896665	6.933200973260868	-45.17177963256836	14.389693770861397	-8.953226122986315	-45.17177963256836	173.0	0.6289595795272597
89.8087449685498	515.6446123786809	-24.816601982125462	7.477853944835918	-49.592742919921875	23.33012771186232	-11.291021854009728	-49.592742919921875	171.0	0.6277205923376621
90.89954462849758	509.45838009837394	-26.235495975583206	21.266769258734854	-52.43238067626953	22.211283280269033	-25.440825828434775	-52.43238067626953	170.0	0.6281664884730319
91.7693659993085	503.2692794526231	-28.936899525472587	23.451965772682563	-56.80929946899414	25.757523372178735	-26.905182446548032	-56.80929946899414	172.0	0.6249924481171971
92.96422094265347	497.12228365533576	-33.29182917342242	37.325328450221505	-48.62150192260742	25.75709048934658	-42.87304891365749	-48.62150192260742	169.0	0.6262047242516127
93.83421627274979	490.9319452249528	-43.63315905913893	37.62820564564314	-39.347862243652344	37.968628525675086	-43.33725507539927	-39.347862243652344	172.0	0.6251174430222317
95.13479706564725	484.8131936668781	-53.61618029661312	35.93858976239545	-20.761884689331055	44.629412323125536	-46.63145482827156	-20.761884689331055	168.0	0.6255448107713468
96.21251216280152	478.7011676296596	-57.019431697903805	27.319889780342674	-11.539630889892578	51.46573481774579	-36.72696704645592	-11.539630889892578	170.0	0.6206313890730225
97.60763285698758	472.65823600107814	-56.69964279851771	21.238608498536614	-7.136900901794434	50.18712058078994	-33.87005922998753	-7.136900901794434	167.0	0.62018855535278
98.79708168472824	466.53905225753374	-60.52506249534866	12.217312801821935	-6.994173526763916	57.20916586510648	-23.230524384571222	-6.994173526763916	169.0	0.6233714639047248
100.20020498732313	460.4614575236981	-66.71303481361274	0.6619561089413775	-13.381399154663086	64.70516765112046	-16.25756682818384	-13.381399154663086	167.0	0.6237460440839036
101.39718671691377	454.3035203596895	-65.99845092593118	-12.902190928118225	-24.1384220123291	67.2475461893438	0.17200837257225154	-24.1384220123291	169.0	0.6273193395460703
102.8086711806818	448.1897094579514	-60.62691396342913	-4.78681661182717	-41.748172760009766	60.03125643389835	-9.735736282985544	-41.748172760009766	167.0	0.6274629242725857
103.91071136715284	441.9397289839301	-55.20217446683781	11.23761159430073	-44.31053924560547	52.52510887340708	-20.36361750888813	-44.31053924560547	170.0	0.6346396497087532
105.0214238041483	435.64056573317447	-43.48928255085201	26.29198224324028	-32.471981048583984	38.048089636025615	-33.68870585397521	-32.471981048583984	170.0	0.6396337997429964
106.0182429029601	429.3468976381945	-37.84757918265116	22.257174616386013	-19.143022537231445	34.05245336714927	-27.717350009866955	-19.143022537231445	171.0	0.6372119459451823
107.45540836687726	423.12185010388293	-33.92434161713353	14.277388393012371	-8.747274398803711	29.681758009645673	-21.764604635456557	-8.747274398803711	167.0	0.6388791855673099
108.68580776381052	416.79199394514256	-33.4574041691021	4.940524018558407	-10.745348930358887	31.977237433621784	-11.01194612347793	-10.745348930358887	169.0	0.6448330145573914
110.47538586828892	410.55099341520315	-32.986756672995135	4.876438360026442	-14.066926956176758	30.305125200357455	-13.910612979778627	-14.066926956176758	164.0	0.649250933050796
112.35715344274078	404.39600901692876	-36.39811773611329	3.874649698870098	-8.883733749389648	33.61569403125048	-14.485199336504497	-8.883733749389648	163.0	0.6436216446582559
114.34622954412143	398.27426224552084	-38.11607677381145	2.6002244763871136	-13.990364074707031	35.444602506437604	-14.25751132264423	-13.990364074707031	162.0	0.6436785476488026
115.45743509159321	391.9723024262858	-40.99241881045094	0.5349808351871315	-10.96896743774414	40.279511344820776	-7.6305681471227365	-10.96896743774414	170.0	0.6399177707485947
116.34793699282653	385.6360521605247	-38.37877072863956	1.5112655875155707	-2.551471471786499	37.739900092814686	-7.135398188037966	-2.551471471786499	172.0	0.6398520224744009
116.68261241243471	379.25006473295844	-34.98489449869442	-7.033668475304221	4.364948272705078	35.29265333167657	5.276737260406907	4.364948272705078	177.0	0.6394751211855255
116.57188124123746	372.90628018373957	-33.74961316591802	-16.990887466855998	-1.7952935695648193	33.55280620444213	17.37630114747154	-1.7952935695648193	181.0	0.6344750885510249
115.68457230658376	366.5927490557036	-30.67009238381622	-18.13535722556806	-7.968337059020996	27.73901813765437	22.362750754092552	-7.968337059020996	188.0	0.6375577813045257
114.35629172561917	360.343680240662	-25.871667964633403	-13.027110629617079	-16.45333480834961	22.68638029484551	18.010468171209933	-16.45333480834961	192.0	0.6388676729722105
112.07625434802793	354.403979801206	-34.24022133762675	-17.092595762043175	-15.932758331298828	26.02508899428633	28.05787465175798	-15.932758331298828	201.0	0.636228038942702
109.30383214692036	348.7196719117954	-38.95070252081973	-22.464565374899053	-32.32802963256836	25.56736519530122	36.988157041391034	-32.32802963256836	206.0	0.6324371988016646
105.95287284862879	343.3570160413282	-46.43940980476019	-16.023789599524218	-43.74943542480469	30.973773437387422	38.13143027993666	-43.74943542480469	212.0	0.6323527987117858
102.1439931468514	338.30246195690944	-34.93327542132157	-9.742081153891489	-56.4917106628418	22.200188964723555	28.67740376675483	-56.4917106628418	217.0	0.632898740517995
97.64134740177805	333.79981621183606	-33.25696555596034	-2.8750727403093386	-49.966835021972656	21.667346881665562	25.39326446839752	-49.966835021972656	225.0	0.6367702679244253
92.80520541361918	329.5958221193334	-11.32171172065097	1.0015264460038087	-45.09959030151367	8.159912230482467	7.912018952100231	-45.09959030151367	229.0	0.6407950971990253
87.43212743551217	326.10650448150835	-10.837872345299344	5.106440611970711	-34.80202102661133	10.231932953856237	6.232396066071131	-34.80202102661133	237.0	0.6406660950639982
81.9525812741266	322.6825040228861	-5.294614945554335	8.337591844743322	-28.41208839416504	9.876473082526044	0.06053628132101361	-28.41208839416504	238.0	0.6461362493731546
76.04683649680881	320.05309703991315	-14.283256927133605	11.50518393208039	-26.797636032104492	16.343348971811118	8.323198312134066	-26.797636032104492	246.0	0.6464642484849668
70.00124181663332	317.73241067179237	-7.434014955635245	9.290645550138512	-23.671730041503906	11.318691709710846	3.6698625423086364	-23.671730041503906	249.0	0.6475708475228622
63.75979541016846	315.9427047142777	-15.536997340620907	4.847165123117603	-20.61971664428711	8.889735794992971	13.633264230860105	-20.61971664428711	254.0	0.6492973175605823
57.892168404503984	313.20658530633926	-9.511512264929397	-0.30423230019983133	-30.883277893066406	3.7478115103344694	8.747304255677385	-30.883277893066406	245.0	0.6474210074758183
52.168440717899045	310.1632253111095	-8.641929539075312	-1.43005198213132	-32.72089385986328	2.700101178510875	8.332913563438922	-32.72089385986328	242.0	0.6482522556148417
46.832367674184326	306.42686674146285	-5.108092391873885	-2.8837125366404495	-34.611839294433594	0.53684140942148	5.841250480764159	-34.611839294433594	235.0	0.6514142375541928
41.690738924092045	302.40978610218207	-5.532488796189757	2.2014115156101908	-31.829448699951172	5.110160206372568	3.0562898432957253	-31.829448699951172	232.0	0.6524820539007957
36.77177381352383	298.1337949677844	-4.3484649296874345	5.922260063962917	-25.89512062072754	7.318425590090451	-0.6503525138268055	-25.89512062072754	229.0	0.6517692685332358
31.61834143910574	294.1074923264772	-8.065682918254007	3.1625199610121077	-20.58340072631836	7.440345888559974	4.438245880998842	-20.58340072631836	232.0	0.6539799553281284
27.158963641667643	289.3253951103258	-9.74512840921002	-1.9208751713381407	-17.701950073242188	5.8017742000577215	8.062053415067412	-17.701950073242188	223.0	0.6538692845286961
23.305572903200662	284.0216577653888	-16.286663466452065	-7.0882126705656345	-18.5806941986084	8.671361281020221	15.501795356237126	-18.5806941986084	216.0	0.6555779893146402
20.864337901465223	277.9793891064937	-21.648775613080993	-7.378148833917765	-24.962491989135742	17.29411719683498	14.967300228936047	-24.962491989135742	202.0	0.6516796673210244
19.0849526339269	271.77393522332284	-26.966138992307194	-1.8693386715855385	-30.21796226501465	25.32601198531188	9.44776143545943	-30.21796226501465	196.0	0.6455530173927861
18.411097608869994	265.36263292562217	-29.33012858035203	7.422305851590378	-30.533157348632812	29.944635462111858	-4.320402034043707	-30.533157348632812	186.0	0.6446617543122649
18.29951057020349	258.9698157619281	-36.43596447364811	14.019499100976097	-19.467823028564453	36.64936848424135	-13.451752743546614	-19.467823028564453	181.0	0.6393790969027673
19.179431821088237	252.70885073530033	-34.94699217273849	21.403223933901852	-8.694150924682617	31.894081665409157	-25.732427235035676	-8.694150924682617	172.0	0.6322495114463484
19.93954539223616	246.51822248726674	-30.335088297436105	14.41234156475531	-2.3934102058410645	28.40562879533951	-17.917963727326764	-2.3934102058410645	173.0	0.6237118785656938
20.90485208941148	240.42351586585008	-23.241189298856785	5.319646406312682	-6.864900588989258	22.02968682536218	-9.11835600807265	-6.864900588989258	171.0	0.6170677906093587
21.86297920251295	234.37413935425445	-20.00138495607961	1.1960018403499066	-15.022202491760254	19.609721037281805	-4.1163893648919645	-15.022202491760254	171.0	0.6124782750751661
23.02369589848474	228.402769614589	-16.98597564287157	6.5440467308004155	-20.099273681640625	15.385336704049093	-9.728274803795664	-20.099273681640625	169.0	0.608313404554757
23.969804334167844	222.42927604574797	-17.16910841752976	3.1801458322859366	-22.49494743347168	16.456056728863906	-5.838647814683616	-22.49494743347168	171.0	0.6047953917570458
25.225213128394042	216.52304203272735	-18.178009264912863	-2.426389412194021	-28.515134811401367	18.28505772428556	-1.4085632518314506	-28.515134811401367	168.0	0.603818279428357
26.381170518971697	210.57615679674052	-24.66341227129862	-9.650454473471957	-35.841522216796875	26.017812689384378	4.948595686526362	-35.841522216796875	169.0	0.6058191272882466
27.641504875463177	204.64674983518057	-26.86692198919235	2.5364955275206778	-42.43939208984375	25.688460689604177	-8.268512207957407	-42.43939208984375	168.0	0.6061873440278057
28.70166572436126	198.6342788869544	-36.65730801701564	-3.4474150655306635	-35.034271240234375	36.70860731210742	-2.8497457595197315	-35.034271240234375	170.0	0.6105223004018768
30.184339289950596	192.68760001943107	-34.58586304206534	3.123831363184995	-34.87939453125	32.88243747500951	-11.166268421106931	-34.87939453125	166.0	0.6128728290236549
31.14665840828076	186.61175622847324	-29.92757607473858	4.8606352021383445	-34.92246627807617	28.83294022016165	-9.378013784278435	-34.92246627807617	171.0	0.615157994808037
32.3215369557893	180.56753007861084	-23.134147923419544	8.408185227261958	-33.82011032104492	20.98630446898233	-12.863180154758595	-33.82011032104492	169.0	0.6157354086949706
33.38559649261181	174.5329485724385	-20.421333991681408	4.328447713629768	-36.157894134521484	19.371731187481352	-7.778327095808686	-36.157894134521484	170.0	0.6127674652960968
34.44648820010091	168.51633271917242	-16.649637158513404	6.193982451110757	-40.873085021972656	15.286243479507059	-9.050226317614724	-40.873085021972656	170.0	0.6109431850900042
35.5085467033131	162.49309963853472	-16.789311544623544	8.61494064088281	-43.625728607177734	15.019056612188148	-11.424802968465197	-43.625728607177734	170.0	0.6116151159670082
36.778984270523516	156.51616080762403	-16.64930227747756	16.082104951199632	-42.76373291015625	12.844702446558395	-19.257387804362146	-42.76373291015625	168.0	0.611046719986511
37.940293251694136	150.54174402476033	-26.69012733125733	16.28065993212177	-40.977439880371094	23.138134298269403	-21.024973863940325	-40.977439880371094	169.0	0.6086238119323875
39.101700942941164	144.56681942257663	-24.49996899997109	26.321146806721387	-32.218387603759766	18.925061345643343	-30.576024975201733	-32.218387603759766	169.0	0.6086755443343189
39.846903857053576	138.49762873090893	-29.44355167480178	20.318961475776156	-24.025012969970703	26.693321812836103	-23.817000257739558	-24.025012969970703	173.0	0.6114769254438583
41.11184883808679	132.54653048630638	-33.15198891660396	14.57884077074041	-20.056291580200195	29.303852575286907	-21.28100541776834	-20.056291580200195	168.0	0.608404931948719
42.063135735057315	126.54034139966822	-31.253713408518237	2.1696625520622175	-22.378435134887695	30.534055670972315	-7.01238060102112	-22.378435134887695	171.0	0.608105698910964
43.01659975430147	120.52040650397733	-22.54008659335337	-3.383351421221494	-29.6214542388916	22.78760102303257	-0.477294553116648	-29.6214542388916	171.0	0.609497414140127
43.86551736230898	114.48004385916187	-17.708510912156925	-3.9829260824819226	-32.159873962402344	18.09090157251536	1.4745640705160845	-32.159873962402344	172.0	0.6099724746746131
45.03299808324552	108.47387622769988	-15.761881216711801	8.77786998005255	-28.7700252532959	13.847576957765735	-11.564277464467702	-28.7700252532959	169.0	0.6118583238869951
45.779709717620044	102.39239799555469	-20.096121569485412	14.52970742078024	-20.760602951049805	18.283211370563183	-16.75382588689289	-20.760602951049805	173.0	0.612714907220038
46.74041422279348	96.32674847086075	-27.13902613653103	21.156810356422817	-17.18085479736328	23.465431932144142	-25.169641799891867	-17.18085479736328	171.0	0.6141258609005182
47.69977296045469	90.2695957878356	-34.59192912859208	20.66829280283345	-18.239896774291992	31.040177534317042	-25.696055472762218	-18.239896774291992	171.0	0.6132655853136206
48.86523800582089	84.2737979082239	-42.74357831531265	19.5949901041281	-19.065528869628906	38.276429092253935	-27.311025252154124	-19.065528869628906	169.0	0.6108019399537519
50.12644343826981	78.34029285648693	-49.96778583440244	8.097553307144238	-17.024581909179688	47.27810766167854	-18.086750031044417	-17.024581909179688	168.0	0.6066063084227425
51.494338833734254	72.41528695248832	-49.953437769512774	1.985207322984497	-24.257490158081055	48.19675135914931	-13.280065946077077	-24.257490158081055	167.0	0.6080857897973871
52.553561680401316	66.40813567926169	-49.33513560686132	-2.5829599662390175	-26.025541305541992	49.07815168679902	-5.653522312871527	-26.025541305541992	170.0	0.6099821264457648
53.50813915841411	60.38117068158374	-39.71272597674778	4.230960206396687	-30.108943939208984	38.46623636121486	-10.740125184350585	-30.108943939208984	171.0	0.6102091874493896
54.03934360319843	54.309476094239656	-35.115235651380374	9.968303215019926	-27.19674301147461	34.134651826921775	-12.933382716574116	-27.19674301147461	175.0	0.6094887474280561
54.990428527277054	48.30456221425365	-28.860338636747798	23.36207184422089	-20.727392196655273	24.58784187834098	-27.823435784388625	-20.727392196655273	171.0	0.6079765886846158
55.72915610538122	42.28810890227466	-23.046143734669258	20.54723885146908	-11.4221830368042	20.07030387411299	-23.462665403980008	-11.4221830368042	173.0	0.6061635826233265
56.78212272728278	36.316438442820086	-19.67562983923823	14.917921501263017	-5.09112548828125	16.803648907719793	-18.091770915934536	-5.09112548828125	170.0	0.6063793101942144
57.63172623417945	30.27119537381608	-18.42469418569444	10.325566374849004	-7.102598190307617	16.82205602813927	-12.771261009936268	-7.102598190307617	172.0	0.6104653133657316
58.795524500651666	24.283972328257192	-17.426032595137222	8.034643813339876	-5.465296268463135	15.500106457063282	-11.3123301328122	-5.465296268463135	169.0	0.6099284072931443
59.74569243972391	18.28484806374413	-17.53609788843095	4.930160518385608	-4.899266719818115	16.54795236481254	-7.614885712968763	-4.899266719818115	171.0	0.607390410308808
60.79414643963431	12.33876995534683	-16.01957988657356	3.4862619611285504	-7.318429946899414	15.174897329655323	-6.205115086631656	-7.318429946899414	170.0	0.6037805947617868
61.41672984982885	6.415284487603244	-10.93283670560632	3.227178787095329	-13.91510009765625	10.526914341552141	-4.373291186389813	-13.91510009765625	174.0	0.5956113681690345
62.33979125913717	0.5873041164447361	-0.08151365987205385	3.7772564094452608	-21.577064514160156	-0.47667807064586526	-3.7479445668801423	-21.577064514160156	171.0	0.590062687957501
