0.0	0.0	-3.322949885430986	13.380451880755691	-17.790218353271484	-3.851104424651524	13.238107235731766	-17.790218353271484	2.251917638221414	0.0
0.6457081725273623	6.143502884495361	-9.30114783303458	10.17618541503889	-11.741291999816895	-10.243808408529569	9.226618551915593	-11.741291999816895	6.0	0.6177343015882432
1.066494341308736	12.161025449678242	-11.786984097652201	4.88828280053553	-6.696361541748047	-12.116373537369624	4.002723467746238	-6.696361541748047	4.0	0.603221674198821
1.8097628370286296	18.214461567820607	-8.191687387158884	8.333315289768683	-8.354238510131836	-9.15624082457819	7.260243792735764	-8.354238510131836	7.0	0.6098896366815904
2.224828950318793	24.150183528453816	-8.799394968433832	10.314445033216865	-9.47728157043457	-9.50911577273894	9.664049118997594	-9.47728157043457	4.0	0.595021638869925
2.962703624648067	30.159690496620357	-9.771952066008065	16.43731466328134	-4.19924259185791	-11.781474368505727	15.062311317468035	-4.19924259185791	7.0	0.6054637316591205
3.596867430398536	36.19335606820714	-12.896251981929026	23.401455189618495	-7.16011381149292	-15.127631763503508	22.02489903270774	-7.16011381149292	6.0	0.6066900688347844
4.127199674765945	42.25508135916744	-12.851607535886053	31.48881209833395	-12.980802536010742	-15.693926386147044	30.172997501190082	-12.980802536010742	5.0	0.6084880096804169
4.5504971936557945	48.308517904105386	-23.590997069138645	22.60515836245378	-25.80741310119629	-25.128133043904636	20.88313331460464	-25.80741310119629	4.0	0.6068218420021527
5.18734626363594	54.3677320582292	-26.326415990297146	19.180201166221902	-29.291173934936523	-28.02799275630983	16.594936508560586	-29.291173934936523	6.0	0.6092589999619942
5.505609697224514	60.440560137238485	-36.7522372922142	10.9870005229244	-28.1846981048584	-37.2961544457301	8.968722876430508	-28.1846981048584	3.0	0.6081162100319575
5.93159304946596	66.53240588855876	-41.28547342331342	11.801664376694013	-27.939313888549805	-41.99035373879415	8.976624685157756	-27.939313888549805	4.0	0.6106721417771215
6.145434593874324	72.65602651664652	-44.230372528464656	12.467757402054525	-19.701934814453125	-44.64105771059468	10.906273200438426	-19.701934814453125	2.0	0.6127353246129766
6.789023070896049	78.77936184556927	-42.23334374530252	22.625984835548692	-13.5182466506958	-44.45201287047682	17.877613527826508	-13.5182466506958	6.0	0.615706437177562
7.113260791172495	84.96618610548151	-36.256170376520735	26.700322345410836	-16.682754516601562	-37.54001680442611	24.862908961815993	-16.682754516601562	3.0	0.6195314723425176
7.544904022961807	91.13897190526902	-26.948477388122974	28.248043743844406	-17.602596282958984	-28.912765061186697	26.234031817639927	-17.602596282958984	4.0	0.6187859113587489
7.8689755453224155	97.32262492003196	-22.57636330769194	22.109840438106	-18.34926414489746	-23.49516237083793	21.13089135761593	-18.34926414489746	3.0	0.6192139126230275
8.623800500934598	103.47018085101811	-15.472187849596663	19.20620417341081	-22.46854019165039	-17.52224844145362	17.356200193588617	-22.46854019165039	7.0	0.6193723003026371
8.949754488927924	109.6897534498289	-13.989746540789126	5.709329930013438	-29.66390037536621	-14.232211658584854	5.074801260198269	-29.66390037536621	3.0	0.6228108004375537
9.489202060965905	115.85566741282062	-10.547235939506836	1.8162568785698032	-32.38530349731445	-10.660911846547247	0.9423022937069427	-32.38530349731445	5.0	0.6189466752636614
9.815293427969753	122.07786135930918	-22.566385398157454	-0.09187753954983073	-25.91497039794922	-22.540023823030523	-1.094311417131368	-25.91497039794922	3.0	0.6230732949449314
10.463924955115159	128.24917810506955	-25.53069989338755	8.53063069174092	-22.90235710144043	-26.285926501745198	5.799859049144268	-22.90235710144043	6.0	0.6205310083671021
10.787641502689599	134.4260577974169	-29.433089122865297	16.99403932631698	-19.849369049072266	-30.30028910899944	15.394693496461349	-19.849369049072266	3.0	0.6185356508472782
11.322703533472787	140.54184479449043	-24.075752293939946	26.16141764225106	-22.943056106567383	-26.1956995720141	24.038447235714294	-22.943056106567383	5.0	0.6139148309852074
11.644854374934217	146.68884903448267	-20.26889022652058	25.800749955535768	-33.89842987060547	-21.573682414306077	24.720089732229553	-33.89842987060547	3.0	0.6155440056660189
12.179778947652304	152.80306487868268	-12.298234287385482	27.785759851426235	-40.006778717041016	-14.537702631352408	26.682395306848356	-40.006778717041016	5.0	0.61375711554298
12.501948820646342	158.95043226194997	-13.801441672371947	15.668571789740689	-43.05569076538086	-14.549988664184095	14.97603966468629	-43.05569076538086	3.0	0.6155803698293478
12.929966997032691	165.0713773542576	-6.3596846054027365	14.105839561071738	-44.418453216552734	-7.337118567382235	13.623031569040275	-44.418453216552734	4.0	0.6135891816383501
13.251170620637774	171.2003076008598	-10.938432410783514	6.646241554740923	-43.5058708190918	-11.258577685292689	6.088206543266566	-43.5058708190918	3.0	0.6137341259497645
13.89472071928358	177.32327778392687	-12.901538249914333	13.235316460762228	-38.8250846862793	-14.11188615050562	11.936413209406494	-38.8250846862793	6.0	0.6156697214594498
14.214347008556786	183.42211069854025	-21.48944759912719	8.637450919586922	-34.99026107788086	-21.86742942735455	7.630035828459417	-34.99026107788086	3.0	0.6107202623555742
14.852684820996668	189.49548929100447	-22.678249421780038	14.517499420680936	-34.524940490722656	-24.115835456846384	11.97861705224142	-34.524940490722656	6.0	0.610683245964659
15.173753330330747	195.62184140373316	-25.994156808918124	11.195837812019011	-37.66189193725586	-26.49032480094464	9.965222750150454	-37.66189193725586	3.0	0.613475958753245
15.709432426019	201.74468148494577	-28.0709079837446	16.504952571827076	-38.51832962036133	-29.43704499158474	13.922992372099229	-38.51832962036133	5.0	0.6146228335626756
15.924174611820913	207.89409310809629	-30.071496424270794	2.6525610324946265	-40.305240631103516	-30.13585811563775	1.7779293743539404	-40.305240631103516	2.0	0.6153159961946514
16.247191558036448	214.05762361128745	-20.258730814061803	9.183327518124363	-44.095245361328125	-20.80390443226811	7.870656826136737	-44.095245361328125	3.0	0.6171988999610295
16.46278848513246	220.23151182262717	-20.95896878675405	-6.133786908598003	-36.760433197021484	-20.766393775497217	-6.757115065263363	-36.760433197021484	2.0	0.6177651469700506
17.112999585843873	226.41785720697678	-15.304496744114758	5.25087258417636	-28.871410369873047	-15.764427594270156	3.6444623898303337	-28.871410369873047	6.0	0.6220421504203071
17.542688792829384	232.56269915018777	-12.54242439736804	4.123425709691125	-24.174949645996094	-12.827907679874027	3.1240732871787316	-24.174949645996094	4.0	0.6159847020961223
18.50629130389373	238.64664596396494	-12.488402694623066	7.524251472985386	-20.453006744384766	-13.477305226322441	5.5620864725688355	-20.453006744384766	9.0	0.6159783976098432
19.15164909753764	244.7868152160661	-14.992580095458715	6.093710321326069	-15.148544311523438	-15.551122194483618	4.480330556021472	-15.148544311523438	6.0	0.617399102090903
20.117457294385257	250.8846881817983	-16.67185807568728	9.795119511162328	-7.237455368041992	-17.98841100098374	7.093115506848825	-7.237455368041992	9.0	0.6173883719289327
20.97821386495778	257.0092894223933	-21.0046176092644	20.180304120155725	-4.96682596206665	-23.541084666228564	17.153890754894437	-4.96682596206665	8.0	0.6184791203434553
22.576225867385055	262.9731514065568	-24.17888905819022	28.89910145725083	-8.534052848815918	-30.884192902158002	21.585721435871466	-8.534052848815918	15.0	0.617424425545765
24.583482263369	268.8026472660577	-28.846535412563167	22.174387405695846	-21.05474090576172	-34.5239166677393	11.48587132285297	-21.05474090576172	19.0	0.6165395381900257
27.713348459824886	274.0116193593217	-26.596931518684066	13.99160893977486	-28.753253936767578	-30.008939720714903	-1.6203159480968699	-28.753253936767578	31.0	0.6076960809164416
31.273965122316746	278.9123877593039	-27.812013198550495	4.5001821942823295	-30.458803176879883	-25.25183710633432	-12.49417627109686	-30.458803176879883	36.0	0.6057682884360883
35.82451431934869	282.86811982606406	-21.85620643960503	-1.4978574867670804	-32.07380294799805	-13.203537452292284	-17.481531275240496	-32.07380294799805	49.0	0.6029536812940324
40.83849487907389	286.25009241688105	-18.546334517301688	-3.4416442831998935	-28.28186798095703	-7.725035431515558	-17.20858120187622	-28.28186798095703	56.0	0.6047953344590205
46.185944394545714	289.093381759591	-7.554815595832321	-4.13632183160855	-28.49357032775879	0.014285719784270458	-8.613024608108525	-28.49357032775879	62.0	0.6056361168794998
51.72264728831446	291.55848070992766	-9.73251441536974	-1.9515281607862662	-22.97376823425293	-2.3019330076399545	-9.655641016320942	-22.97376823425293	66.0	0.6060675850828684
57.56655243112434	293.1243503735877	-1.503865765302053	-2.167264066629265	-27.797103881835938	1.6865131004827063	-2.028378499306813	-27.797103881835938	75.0	0.6050055794927056
63.47756986216548	294.38077591470136	-0.8576792496339904	-0.652888195873379	-36.734073638916016	0.4507482713255678	-0.9791336412668767	-36.734073638916016	78.0	0.6043073076708153
69.48036448150384	295.3315251808684	4.543724963028247	-3.79445398700184	-46.68924331665039	4.4747921372984365	3.8755067961612832	-46.68924331665039	81.0	0.6077620209347953
75.46826650982794	296.60429304762596	-14.767887828617974	-4.359449731126251	-52.40817642211914	1.2509352938796912	-15.347002110099085	-52.40817642211914	78.0	0.6121675321630378
81.60588088770783	297.4668784953746	-15.423271834884023	-7.411599987281615	-53.71018981933594	5.2387404576006045	-16.29001924130534	-53.71018981933594	82.0	0.6197932228269819
87.6572910884749	298.7531454409046	-38.153886096247305	-1.150246553472647	-32.98930740356445	-6.978550888710908	-37.52788188631037	-32.98930740356445	78.0	0.6186602304424518
93.77694797938747	299.72240387254993	-36.66411709931288	2.75337152246099	-19.26320457458496	-8.767517546670152	-35.70671048250816	-19.26320457458496	81.0	0.6195939183837217
100.01164111704072	300.2678688426575	-28.103405628867264	11.719868823148422	-3.253559112548828	-14.393202051211556	-26.83267537696258	-3.253559112548828	85.0	0.6258508652571712
106.28925092421186	299.9388732534582	-23.00709035918933	16.00185457501402	-6.429621696472168	-14.792177323392874	-23.802878957577832	-6.429621696472168	93.0	0.6286224859866507
112.61915184377104	299.82838442191814	-22.97465848483792	17.134144318321027	-8.40845775604248	-17.016760954834837	-23.06173628810278	-8.40845775604248	91.0	0.633086514098439
118.944111664759	299.60751195796485	-26.466729481066746	16.585519815882567	-13.487873077392578	-15.592342225675589	-27.063741443200623	-13.487873077392578	92.0	0.632881516418713
124.83016791581657	301.86695726094126	-37.275614736250645	18.767246342337458	-7.59342098236084	-30.546090894192098	-28.436197360461534	-7.59342098236084	69.0	0.630481968558625
129.3347769599336	306.2170076497395	-43.50986034439322	26.585663359061495	-15.083057403564453	-49.30174492340992	-13.009357821851573	-15.083057403564453	46.0	0.6262143484895948
132.36423456400826	311.6822938400603	-52.630584757711794	30.66968703929578	-17.483539581298828	-60.90376977552581	1.1571439654516062	-17.483539581298828	29.0	0.6248757197795195
134.4986607566447	317.54658160782145	-57.3844628123555	23.591412732733037	-32.55754089355469	-61.990811037702805	2.5827647737637127	-32.55754089355469	20.0	0.6240644693853767
135.26054469938322	323.75162837539506	-68.91068699395998	14.787549272951308	-29.671831130981445	-70.2280384925823	5.94785717413129	-29.671831130981445	7.0	0.6251645585762057
136.0189306596394	329.9281863618336	-70.49355657512457	9.297386752097404	-33.91170883178711	-71.10332107701939	0.3172551759314927	-33.91170883178711	7.0	0.6222942858853138
136.23477356057737	336.10911834241216	-71.84254969422453	7.949892906365221	-30.004636764526367	-72.07057500248875	5.512255672629894	-30.004636764526367	2.0	0.618469953242872
136.5567166798212	342.25215900637716	-62.09984672704108	11.31766683746198	-41.00703048706055	-62.5975924592868	8.12539011166981	-41.00703048706055	3.0	0.6151471041235226
135.91811051762505	348.3280907762236	-45.94050404738864	-2.6162853189668263	-42.540771484375	-45.943225511636115	2.568051904717321	-42.540771484375	354.0	0.6109399700643581
136.77061590208183	354.39398177695676	-42.68476879190677	-3.374667458172839	-30.544029235839844	-41.87673800372228	-8.928419873605337	-30.544029235839844	8.0	0.6125503984432911
136.77061590208183	360.57679701730785	-27.765959618760313	-12.120555865525176	-18.540374755859375	-27.98908176549219	-11.596020436535017	-18.540374755859375	0.0	0.6182815240351078
137.31631986347378	366.8142218378418	-24.36086047943384	-7.279405259997263	-13.124916076660156	-23.604656944298966	-9.447826987179427	-13.124916076660156	5.0	0.6261250770037211
137.31631986347378	373.0742107611148	-27.65939381907813	-9.142537404349044	-8.592362403869629	-27.634190841895755	-9.218435504057263	-8.592362403869629	0.0	0.6259988923272994
137.53660451690382	379.38233789107676	-31.014070940356383	-7.982652752228621	-7.307547092437744	-30.742252879442027	-8.972693528286783	-7.307547092437744	2.0	0.6311972212890257
137.31595100531723	385.7010277366355	-33.94202397574543	0.9045279842662577	0.7042089700698853	-33.894035430783575	2.018297465981142	0.7042089700698853	358.0	0.6322541366930144
137.64898860196618	392.05576364044657	-35.76006676229172	11.338770149447484	-8.891437530517578	-36.20702366796658	9.818427595744147	-8.891437530517578	3.0	0.6363456800196492
137.4268704628324	398.41639493141133	-38.820876631224436	9.354430689833764	-14.940729141235352	-38.54102421651152	10.447740822298547	-14.940729141235352	358.0	0.6364508377505096
137.7617097088191	404.8055083524993	-38.01785284554356	6.599692440393839	-18.43240737915039	-38.33463028694381	4.401044882357577	-18.43240737915039	3.0	0.6397881495321656
137.7617097088191	411.23486000036706	-37.73910355135545	4.877425090643076	-15.056971549987793	-37.723465468899064	4.996935600099714	-15.056971549987793	360.0	0.6429351647867773
138.09810623282138	417.65368805613133	-33.56119006027442	7.643029520027879	-16.34064483642578	-33.93198345224573	5.778397485670384	-16.34064483642578	3.0	0.6427636908757941
138.20975368237384	424.0499661571646	-33.969681136589145	9.021346641600605	-11.184551239013672	-34.11066427594231	8.472692275977689	-11.184551239013672	1.0	0.639725243356467
138.65367244249148	430.39830019070047	-30.885619246468988	11.728072317378258	-11.379005432128906	-31.586313120675936	9.683696606261723	-11.379005432128906	4.0	0.6363836018231013
138.76527531885446	436.79202469541804	-29.33693900849728	20.161130551919715	-8.891389846801758	-29.467948180337157	19.969156355760344	-8.891389846801758	1.0	0.6394698448264646
138.98606355019993	443.114572410114	-28.480139017912553	33.62202680513051	-18.48458480834961	-29.807667815643256	32.45091592477483	-18.48458480834961	2.0	0.6326401587609497
139.09621017179828	449.42486813524044	-40.25352106063476	30.034693205515598	-36.27630615234375	-40.85200626681278	29.215446902361435	-36.27630615234375	1.0	0.6311256960130718
139.42717628474404	455.74007777536434	-47.55889217677222	22.21570548946383	-49.77389907836914	-48.72580876782634	19.523866302493897	-49.77389907836914	3.0	0.632387629279954
139.3164197507517	462.085315358141	-60.485277287446976	6.198149901099284	-44.54345703125	-60.364844510388096	7.278143854892788	-44.54345703125	359.0	0.6346204140405747
139.3164197507517	468.4104881724037	-63.13747334921359	2.5333261789247614	-36.08894729614258	-63.13404835447994	2.6172926518965856	-36.08894729614258	0.0	0.6325172814262743
138.98708917403724	474.6944899221405	-65.06461513765393	7.140075134833229	-14.245548248291016	-64.54704791212484	10.865699322728814	-14.245548248291016	357.0	0.6292625574388984
139.20724996304057	480.99907003900665	-58.18719058102523	17.673281665096326	-8.522666931152344	-58.76984429062937	15.626881793293194	-8.522666931152344	2.0	0.630842303773282
138.98706244486058	487.30441557934506	-51.639783667606814	26.484557481102627	-6.692334175109863	-50.70776584455	28.228027300209085	-6.692334175109863	358.0	0.630918892776463
138.65664180363802	493.60921699895977	-47.136168115952024	35.512746529517024	-6.030338287353516	-45.45109360051202	37.64533970151567	-6.030338287353516	357.0	0.6313453788610619
137.88879971086766	499.86278900446246	-43.60421355589488	40.740826611307035	-18.650236129760742	-37.887020487650474	46.105488516759294	-18.650236129760742	353.0	0.6300535239758384
138.22048031229795	506.19163189702175	-41.25434024980806	45.28209940117759	-20.91192626953125	-43.58369373389806	43.04475294545011	-20.91192626953125	3.0	0.6337528254774395
137.55623289868973	512.511523877865	-24.12653422023544	40.6964932032346	-46.188995361328125	-19.807557055587047	42.96457722369413	-46.188995361328125	354.0	0.635470371268495
137.99797166477396	518.8286825442872	-22.007733724458127	35.5565732969265	-53.24998092651367	-24.841750696385958	33.63774175899694	-53.24998092651367	4.0	0.6332584524048241
137.33493932401046	525.1370138792472	-9.84392155028042	26.727454211214283	-60.259212493896484	-7.0391916885806065	27.599082964331426	-60.259212493896484	354.0	0.6343079387532308
137.77681065308224	531.4560682847124	-8.686854548126261	22.472744464492106	-59.974308013916016	-10.259948649955692	21.799521540780084	-59.974308013916016	4.0	0.6334484892292654
137.88754519968833	537.8000462109745	-14.689949172143516	15.40160428898797	-56.86719512939453	-14.850363365543991	15.246990826587442	-56.86719512939453	1.0	0.6344944292010261
138.3303322382279	544.1321958719266	-13.224065665143488	11.748925167370585	-51.84099578857422	-13.981768046361527	10.83620402180785	-51.84099578857422	4.0	0.6347612125058852
138.44047992031625	550.442552352486	-16.005148047252636	1.8544171823276534	-40.90459442138672	-16.01135795099682	1.800012129302943	-40.90459442138672	1.0	0.6311317724818517
138.6597293775293	556.7210353413802	-10.680186818727115	3.5585341595673183	-34.49052047729492	-10.784434558863609	3.228858481461861	-34.49052047729492	2.0	0.6282310002405298
138.55118633525925	562.9394620683162	-9.743439562161065	3.8625313023625796	-31.26886749267578	-9.670736611085431	4.04111568285641	-31.26886749267578	359.0	0.6219373967715431
139.09153999485054	569.115732659433	-5.8070804387434185	4.36790099802791	-25.547258377075195	-6.1364944528908	3.891552155663611	-25.547258377075195	5.0	0.6199862941398624
139.09153999485054	575.2951778306925	-1.9579812002756933	0.39818311550457236	-17.175941467285156	-1.9585683905187705	0.3952847502328996	-17.175941467285156	0.0	0.6179445171259554
139.62808533949803	581.4279191828166	2.4672787086210217	0.9835040308646033	-10.973661422729492	2.3802114502205187	1.1787017676158271	-10.973661422729492	5.0	0.6156167427784529
139.62808533949803	587.5688839362506	3.4076129307450658	0.7274336537252674	1.543183445930481	3.414143257657404	0.6961403756036252	1.543183445930481	360.0	0.6140964753433956
140.05831441715475	593.7214463897523	2.6266620515565924	8.281209343050207	10.989004135131836	1.9876690602626688	8.457360901805247	10.989004135131836	4.0	0.6167586383951128
140.27411388630512	599.901134646661	2.7581353214772153	29.07631529462229	5.90797233581543	1.632996232161685	29.161151295338325	5.90797233581543	2.0	0.6183455050654303
140.81410955080545	606.0733133351642	1.6582413900490347	40.02498285306589	-4.105683326721191	-1.954358729767462	40.01161704869315	-4.105683326721191	5.0	0.6195755408381756
141.0321496499049	612.317164838808	1.9648650397105056	32.574472315581055	-38.27278518676758	1.307578490768685	32.60747122598305	-38.27278518676758	2.0	0.6247657407730526
141.46907598584144	618.5655025478043	3.9007374486014	16.930370699359187	-52.366416931152344	2.6235777943145715	17.174691968644474	-52.366416931152344	4.0	0.6263595512858406
141.5796585699089	624.9007745460594	-7.677243681865968	-2.345356209279743	-51.174259185791016	-7.640715769601983	-2.4617532019504997	-51.174259185791016	1.0	0.6336237037846258
141.9131985211953	631.2650959473737	-2.1774066999991493	2.377200498792043	-44.127349853515625	-2.3091522845358625	2.2494439036084297	-44.127349853515625	3.0	0.6373055452318834
142.13553727608186	637.6320448469127	-6.207728330797355	-1.3393606466989982	-36.81454849243164	-6.164825414256948	-1.5246985218861218	-36.81454849243164	2.0	0.6370829836941608
142.6923207600254	643.996109189701	-4.703398128298479	16.041181003665166	-39.75783920288086	-6.003959297890457	15.601086971583246	-39.75783920288086	5.0	0.6388374034693167
142.91557818494437	650.3893653569714	-6.679863210556189	10.409879675490597	-52.142578125	-7.058240037737452	10.15713615836739	-52.142578125	2.0	0.6397153140118188
143.91668335572916	656.7100946453629	-4.770331217442515	6.830051210470621	-60.03184127807617	-5.74730869197925	6.031094615478812	-60.03184127807617	9.0	0.6399517974043238
144.4744307842262	663.0851769248146	-11.983973084725902	-13.289273327048576	-55.12311553955078	-10.842322711087316	-14.23602594424019	-55.12311553955078	5.0	0.6399434058084632
145.47376918350957	669.3947512569629	-8.927534009209209	-22.59107159054999	-39.75519943237305	-5.358906858462141	-23.69260425485703	-39.75519943237305	9.0	0.6388223969867248
146.14309836171057	675.7629929982124	-15.565177033510418	-19.180289215487875	-13.633288383483887	-13.660539506516113	-20.580279173645657	-13.633288383483887	6.0	0.6403319797088363
147.3701611706819	682.0756838999537	-21.268536975169592	-5.346607580691918	-1.553551435470581	-19.83632831361396	-9.351842423853462	-1.553551435470581	11.0	0.6430843611695705
148.7076659140564	688.3681489872035	-29.233603596840222	10.412743077599568	11.314728736877441	-30.72014069070059	4.393376105098377	11.314728736877441	12.0	0.6433042500466503
150.57946031350656	694.490512599909	-34.25982576675396	21.384407832777562	10.056310653686523	-38.98352287719252	10.550521504186646	10.056310653686523	17.0	0.6402105160022968
152.88481365824637	700.4961633885459	-28.51081561827119	32.49220409769209	6.5821428298950195	-38.123819494420864	20.376072278580853	6.5821428298950195	21.0	0.6432922775780741
156.2115767378029	706.0328269244931	-20.11668449398511	29.909472638767195	0.7639645338058472	-32.580652271160496	15.419424313035458	0.7639645338058472	31.0	0.6459256590180242
160.36637754670824	710.9843257150194	-7.231164211112471	27.08266821227044	3.7035884857177734	-22.772423050619626	16.34556214229433	3.7035884857177734	40.0	0.6463722614272968
165.97997826131078	714.2253395987183	5.314960290276692	23.862824085607034	-2.6677379608154297	-17.886973915730064	16.665513504414967	-2.6677379608154297	60.0	0.6482027767397702
172.00545432275368	716.538303152673	3.1470018042619308	16.134349265602058	-18.5543270111084	-13.867264283479004	8.827220846484412	-18.5543270111084	69.0	0.6454158517494315
178.36132934462623	717.6590154050402	-3.368531530367022	4.452472378127241	-25.788711547851562	-4.9495354283769455	-2.5833338909835657	-25.788711547851562	80.0	0.645392463902929
184.77785954200266	717.9952915033873	-13.771272663637248	1.0300823811564697	-25.14252471923828	-1.9765260946875662	-13.667566172703559	-25.14252471923828	87.0	0.642533589691334
191.1887091738821	717.5470012267807	-14.878090644624432	0.6774107651032764	-29.827804565429688	0.372364621283267	-14.888848550615169	-29.827804565429688	94.0	0.6426504273294216
197.56770643901876	717.6583470382205	-21.981528053256625	-1.3154505960015939	-37.40034103393555	0.8345307223660021	-22.005034521673814	-37.40034103393555	89.0	0.6379968965312143
203.90624452878103	717.3261583330351	-29.834317781774267	-4.028096810252866	-40.77845001220703	5.606833765365155	-29.5782943481233	-40.77845001220703	93.0	0.6347236757142429
210.23346537523094	717.2157162823452	-43.06454350236432	-5.918518530283083	-32.19588851928711	6.409629227966974	-42.994190558961854	-32.19588851928711	91.0	0.6328184659624813
216.50086996479288	716.5569855158586	-45.61614361521458	-10.512638368409274	-25.26335906982422	14.985074036843411	-44.348570212568916	-25.26335906982422	96.0	0.630192720617892
222.76851108899425	716.2285123631962	-46.56421471547766	-9.604027655613818	-13.922266960144043	11.574252884728823	-46.11399038729188	-13.922266960144043	93.0	0.6276242496414552
228.95989794536047	715.4683056466572	-40.79760835162014	-8.315404495851103	-12.238962173461914	13.379553926640922	-39.42814142038544	-12.238962173461914	97.0	0.6237883091005737
235.15442317669172	714.9263549129904	-35.62842292065809	-7.895901767549985	-6.733916759490967	10.965248498978672	-34.80650959076074	-6.733916759490967	95.0	0.6218187311373097
241.17776257232188	713.6460546012837	-32.399896041047164	-9.489569208191938	-7.337794303894043	15.835459060494243	-29.81683121277543	-7.337794303894043	102.0	0.6157904380802501
247.09073084045897	711.9505382342571	-30.6690971377626	-13.698750521146025	-2.660646677017212	21.195935219943873	-26.05727566799836	-2.660646677017212	106.0	0.6151257553610561
252.2533294566285	708.7245885828032	-28.80265084677898	-16.401782295727482	-1.0481667518615723	29.096488245881094	-15.87468204516867	-1.0481667518615723	122.0	0.6087624793414171
256.84149615271264	704.7361561230072	-23.54690045670328	-20.515639447778792	-8.163528442382812	30.85478584455698	-4.830131836262528	-8.163528442382812	131.0	0.6079380487961741
260.07795446273906	699.55674013767	-25.475056944003054	-20.82109670378518	-11.969429016113281	32.66885962907926	3.904126635252487	-11.969429016113281	148.0	0.6107455471937977
261.65254456483603	693.6802898755489	-29.45513786128071	-8.6190103336047	-20.606590270996094	30.68761931561581	0.40312069865041966	-20.606590270996094	165.0	0.6083748981738534
261.44064347338855	687.612236549933	-31.4040057604172	-5.062359595341591	-18.73063087463379	31.248929992780504	5.945034632293296	-18.73063087463379	182.0	0.6071752072925497
261.3351612190496	681.5691622461302	-32.933443442737534	8.42398356695365	-12.8910551071167	33.02543918953163	-8.05577820392576	-12.8910551071167	181.0	0.6043994833490699
260.9119410000509	675.5168311411369	-22.82147340002081	17.873983476738537	-15.059236526489258	23.978837277041844	-16.28847127006486	-15.059236526489258	184.0	0.6067110280705154
260.5926716896687	669.4248097895379	-14.266186268457677	24.642604695519886	-11.783360481262207	15.320320116084241	-24.00145471355213	-11.783360481262207	183.0	0.6100381712720069
260.27240681772696	663.31379199174	-14.32900329969804	21.331758022151277	-4.4002838134765625	15.364706467460081	-20.598301654436536	-4.4002838134765625	183.0	0.6119404228615958
260.1652821305834	657.1766227755802	-16.78055578682804	12.96387501707346	-6.225981712341309	16.84627704510908	-12.878356171987958	-6.225981712341309	181.0	0.6138104079141599
259.7348712986222	651.0214611144291	-18.682281450789215	7.4977175375457605	-15.312158584594727	19.152215281198014	-6.19968211297719	-15.312158584594727	184.0	0.6170191938600766
259.4105499059455	644.8330402900108	-20.607336697909467	16.908257827839144	-19.722536087036133	21.3559169341806	-15.952313952968336	-19.722536087036133	183.0	0.6196913478970157
258.6551523576232	638.6808209656311	-28.597884478059854	16.643218462064937	-18.591571807861328	30.4275975859665	-12.999885481917186	-18.591571807861328	187.0	0.6198421417690345
258.43753164140463	632.4489790163866	-37.366292912520706	15.779034768113824	-21.129119873046875	37.910509162499736	-14.422589201584584	-21.129119873046875	182.0	0.6235640532975852
258.10897144140915	626.1796769301255	-48.2596190124553	11.892286832468171	-19.09272575378418	48.79095552731023	-9.479449987476501	-19.09272575378418	183.0	0.6277905737888898
258.21909969447137	619.8704335377292	-53.39132622752875	3.0563136454155813	-31.768205642700195	53.29786434888935	-4.394590456566267	-31.768205642700195	179.0	0.6310204467100846
257.8894715009555	613.5807529211239	-64.68751189927757	0.7427437580761395	-47.528846740722656	64.62558526934569	2.9256781442713864	-47.528846740722656	183.0	0.6298312234627715
257.8894715009555	607.2758700417293	-62.486952650950556	38.35029664760917	-64.72554016113281	62.167581512387244	-38.86587595130781	-64.72554016113281	180.0	0.6304882879394627
257.44420995417903	600.9083332643318	-56.88864041206887	50.486386341743774	-56.49094009399414	60.006312996976554	-46.73793977370388	-56.49094009399414	184.0	0.6383085653235979
257.11097142794154	594.5497633955771	-48.97086961860015	55.32591338268	-27.213918685913086	51.33042983306507	-53.14404704181389	-27.213918685913086	183.0	0.6367296026666603
256.33671262855626	588.2439315084758	-46.645617504704894	39.376927196718995	-15.607152938842773	51.36000244380885	-32.992516982232324	-15.607152938842773	187.0	0.6353187583946245
256.0058445628873	581.9305927218428	-40.89622325127366	24.483657869279234	-16.32050323486328	42.073014180563824	-22.401161948434964	-16.32050323486328	183.0	0.632200287185038
255.5656757763447	575.6358858088752	-37.399023065330155	19.801451713223297	-22.906322479248047	38.69325811297953	-17.135232498993258	-22.906322479248047	184.0	0.6310077945699999
255.5656757763447	569.3542150616612	-33.134650930866414	24.301093281336716	-24.64039421081543	33.20610506571227	-24.20336367828804	-24.64039421081543	180.0	0.6281670747214014
255.24110537534375	563.1610428753714	-30.27935695944235	25.46535602121191	-25.867502212524414	31.616069193311187	-23.78545740422418	-25.867502212524414	183.0	0.620167136135407
255.24110537534375	556.9730920836171	-25.919816078423235	25.098201311620798	-20.34229850769043	26.089356624978056	-24.921918977330883	-20.34229850769043	180.0	0.6187950791754365
254.80745899512368	550.7716599266586	-25.318171929998936	13.306896320186862	-21.422489166259766	26.216165594974346	-11.436607060228667	-21.422489166259766	184.0	0.621657542224314
254.69881450819287	544.5474214389984	-30.73916876547868	4.3048185695365735	-29.761335372924805	30.808722918472842	-3.774990257202441	-29.761335372924805	181.0	0.6225186613733833
254.05065438813816	538.3805898321052	-39.10770041191602	-0.17097926548769207	-39.97378921508789	38.89706103056381	4.0571059392129785	-39.97378921508789	186.0	0.6200800239405084
253.94288333092229	532.2063900993018	-28.39241398293402	24.972779516938168	-52.10138702392578	28.607722679405683	-24.725838543477785	-52.10138702392578	181.0	0.6175140236571443
253.5100331658038	526.0163443487796	-29.326654579243986	22.933159159770046	-53.117042541503906	31.016893345612313	-20.589676661971833	-53.117042541503906	184.0	0.6205161211362644
253.40124136342766	519.7836661649087	-26.245084530655955	28.90162407964147	-41.32425308227539	26.822696420533813	-28.366376102598487	-41.32425308227539	181.0	0.6233627595546924
253.07403311432054	513.5401608383437	-30.696544493845046	11.549810347502687	-42.869529724121094	31.21978360583156	-10.049929080891042	-42.869529724121094	183.0	0.6252073576112881
253.07403311432054	507.277784092749	-30.142155388164202	19.35830322899774	-46.04966354370117	30.06616035485227	-19.476124790788596	-46.04966354370117	180.0	0.6262376745594663
252.8527459491206	500.940948781825	-37.699872784103796	14.361868412730708	-42.8905029296875	38.0667880711863	-13.359016362950923	-42.8905029296875	182.0	0.6340697892760357
252.96355621550697	494.59263287225497	-39.03914075456951	11.95409571423822	-41.44118881225586	38.73364251989206	-12.909680566980295	-41.44118881225586	179.0	0.6349282936114627
252.74282223220368	488.2716386182351	-47.3952524741102	-5.638077418920045	-44.68593978881836	47.1812441100933	7.213049167319674	-44.68593978881836	182.0	0.6324847180030293
252.8526432833123	481.9799948139731	-45.6325079342902	3.5525308245919933	-59.18519592285156	45.54233309086535	-4.565320610143985	-59.18519592285156	179.0	0.6292602198055659
252.52265186041504	475.6833833678929	-45.30818087792987	9.09056744086117	-56.57318878173828	45.772554960003454	-6.351604781275251	-56.57318878173828	183.0	0.6305252575598732
252.63324172801347	469.34769409642706	-40.351627933995935	18.58299290133335	-43.302703857421875	39.783790784612975	-19.769458588964703	-43.302703857421875	179.0	0.6336654374619315
252.3031197884983	463.0485922449201	-37.108878075213674	13.819836446446716	-32.15964889526367	37.821116997187836	-11.73114744995734	-32.15964889526367	183.0	0.6307746398723376
252.41342294962277	456.7293283763465	-26.11987107799395	6.760855627824145	-28.15424346923828	25.986661592794388	-7.256049421888694	-28.15424346923828	179.0	0.6320226469677644
252.08210344485374	450.40737561853825	-18.02993115825265	1.1963532843144498	-27.752960205078125	18.06901456288845	-0.1427987336943919	-27.752960205078125	183.0	0.6330628664374469
252.1927794265779	444.066752872114	-8.94178663673671	12.447487510279682	-24.04437828063965	8.610745184406396	-12.678744454586736	-24.04437828063965	179.0	0.6341588601084363
252.08295014137516	437.77463733691474	-14.75934906539732	16.63663709016284	-20.406408309936523	15.09033699147613	-16.337007314306796	-20.406408309936523	181.0	0.6293074000850828
252.4132723406528	431.4717143015071	-18.148905993749764	24.87988433279258	-22.82839584350586	16.903109314965977	-25.74250043545526	-22.82839584350586	177.0	0.6311572826610458
252.0829185756949	425.1681889570395	-24.305933048224368	34.47994065155135	-17.80122184753418	25.983161114935164	-33.2343200194406	-17.80122184753418	183.0	0.6312175962246916
252.0829185756949	418.8194266867191	-26.432423289511185	34.2118454251987	1.9172077178955078	26.420899308451236	-34.220745872734334	1.9172077178955078	180.0	0.6348762270320398
251.53212414856915	412.5238175766024	-26.336848693585477	24.527514192558684	3.049563407897949	28.18944651828114	-22.373726926195157	3.049563407897949	185.0	0.631965731415377
251.42233165360122	406.23380975254406	-25.591929314150835	7.954353899900239	-0.8179624080657959	25.739010195124	-7.4647134011061596	-0.8179624080657959	181.0	0.6290965968646358
250.76132326690268	399.9447350541963	-24.632155066618665	5.250575994538223	-7.1246867179870605	25.01921712351586	-2.8897034496189287	-7.1246867179870605	186.0	0.6323716679982077
249.9935827021731	393.6919899282297	-23.934341494832797	2.7472442122244423	-15.673299789428711	24.090927085866205	0.16518382594523434	-15.673299789428711	187.0	0.62997021505013
248.16744077868768	387.71894883607376	-27.485358987249928	0.8741879427368557	-14.726043701171875	26.64436684028686	6.803446104545022	-14.726043701171875	197.0	0.6245959831226429
245.14172466215567	382.26041246795563	-17.066867411639535	6.756512723612092	-27.88617706298828	18.234749262484563	2.102937651271251	-27.88617706298828	209.0	0.6241039761122331
240.70507590374226	377.8237637095422	-12.26342672721418	16.32780097533667	-26.528127670288086	20.198066574985425	-3.004467742614773	-26.528127670288086	225.0	0.6274368845633991
236.13006852336667	373.55750030815085	-5.356106562785144	16.872059529446094	-22.361665725708008	15.989651105008596	-7.595085767598692	-22.361665725708008	227.0	0.6255533225916271
231.4110950758283	369.45535927409884	-7.873704737995525	11.974330047417675	-17.348098754882812	14.205183319017094	-1.895408467518667	-17.348098754882812	229.0	0.6252701133256375
226.95830923195066	365.15535396804637	-6.208919323591948	4.060108802469469	-15.453751564025879	7.249872198674023	1.5730593624072302	-15.453751564025879	226.0	0.6190100758753184
222.4265321584241	360.92940347997006	-13.050604292387913	-3.4720552993353033	-19.817962646484375	6.3070134236714175	11.941315759654154	-19.817962646484375	227.0	0.6196423240209897
218.44414074275807	356.1833742032337	-16.018848037232424	1.960026894783364	-31.045236587524414	13.540536373837908	8.78060775669838	-31.045236587524414	220.0	0.6195501213236032
214.22671384902063	351.6607375655731	-21.85122999496629	10.207496000894828	-35.3315544128418	22.990252550501037	7.288176353888457	-35.3315544128418	223.0	0.6183925271243982
210.5980091082687	346.66625396567406	-27.134595941499718	16.561200419936434	-31.277326583862305	31.710032750217888	2.243541672861139	-31.277326583862305	216.0	0.6173521241983007
206.85709779853386	341.7018969839492	-35.73862355126358	9.088147928705187	-32.570919036865234	34.08357444664149	14.076704126080354	-32.570919036865234	217.0	0.6216048396634507
203.37882508738565	336.5451456245579	-28.400855073989113	6.538743718619257	-51.724578857421875	27.180152526630526	10.516798323663732	-51.724578857421875	214.0	0.6220166045669712
199.47403755137253	331.7231345994618	-35.06144832904631	5.434291525271665	-54.66813659667969	30.6068926428624	17.94588549111799	-54.66813659667969	219.0	0.620476881338474
195.91433030355466	326.63934578890525	-19.484760200054666	5.743840172533755	-63.15251541137695	19.268005219968796	6.4336268794904665	-63.15251541137695	215.0	0.6206160194557275
193.51513079511	320.98718595085273	-21.674191517750106	9.451413316081814	-56.775611877441406	23.645022021084042	0.11280621423429722	-56.775611877441406	203.0	0.6140282494821814
192.658564600383	314.8924007836743	-8.414503671908331	7.98312312917211	-54.600372314453125	9.458686073663456	-6.713224612655717	-54.600372314453125	188.0	0.6154682110394291
192.9787507975366	308.78288419026245	-13.834879733619664	-1.2952077706821306	-57.77284240722656	13.872634712905962	0.7946486866735782	-57.77284240722656	177.0	0.6117900964058041
194.36178356198738	302.79231113769936	-15.803481378798523	6.558298667077134	-64.76227569580078	13.817788858241896	-10.091085975536208	-64.76227569580078	167.0	0.614814973188188
195.83901973105625	296.86744047646835	-17.41604946954395	19.14861384086189	-61.19700622558594	12.246627948180661	-22.803690382280013	-61.19700622558594	166.0	0.610625245560003
197.72651615284582	291.0583238126494	-20.069186597261897	30.620003992725728	-42.72322463989258	9.225287461835611	-35.42952111497917	-42.72322463989258	162.0	0.6108066728198634
199.30957011155203	285.15028600763475	-24.035013040657873	15.898466913268074	-32.21784210205078	19.030733888186123	-21.639645785777503	-32.21784210205078	165.0	0.6116450812493963
200.87954331186208	279.2910662575561	-27.947697948649154	9.325300096080756	-24.632844924926758	24.499487891536646	-16.364905608140276	-24.632844924926758	165.0	0.6065910643044733
201.83247366344463	273.2745008068719	-28.554480326980926	3.2186243303813264	-29.887283325195312	27.691394903790332	-7.674929159699023	-29.887283325195312	171.0	0.6091562695838721
203.0922941313498	267.34751150102807	-27.46897786130817	8.83259890243574	-37.4316520690918	25.10331302863751	-14.226145757111642	-37.4316520690918	168.0	0.6059401772695063
203.94395428868458	261.28763460376723	-28.393595902864014	11.641262899715962	-41.35816955566406	26.3871023838242	-15.666400926218461	-41.35816955566406	172.0	0.6119430776922549
204.7939342143453	255.23971317608644	-28.870149395097013	21.650713098864347	-36.77348709106445	25.440634243017467	-25.593222405503454	-36.77348709106445	172.0	0.6107357814098237
205.00832505316936	249.10036281398436	-32.10434054714758	14.021211669279323	-27.748497009277344	31.51689504821099	-15.29602514256603	-27.748497009277344	178.0	0.6143092568113764
204.9014024528117	242.97477114203375	-25.99930999656383	10.8193883501776	-20.582164764404297	26.178727926221818	-10.377740059099402	-20.582164764404297	181.0	0.6126524771347786
204.5794360034562	236.8312853130187	-21.26345332662929	4.639163933864409	-14.257898330688477	21.47805629193162	-3.514169503542358	-14.257898330688477	183.0	0.6151916817205787
204.68629200986797	230.7095088056723	-17.20839739107264	-0.4915966196242869	-13.512104034423828	17.215372568014434	0.03943792537410581	-13.512104034423828	179.0	0.6122709025587005
204.473329148037	224.61105035442642	-20.919887379667976	-9.798355233023997	-18.571334838867188	20.536888945496745	10.57760113120427	-18.571334838867188	182.0	0.6102175731826429
204.473329148037	218.47089091008473	-25.339349424967487	-8.421188492431682	-35.90962219238281	25.416564885094363	8.185186274450464	-35.90962219238281	180.0	0.6140159444341681
204.0449094175059	212.34420332596886	-33.83770117392635	-5.4712181404153695	-49.76634216308594	33.385854868334114	7.765883297248175	-49.76634216308594	184.0	0.6141648330771472
203.9371408497729	206.17014621554364	-32.57420194011272	12.545678967951373	-57.081424713134766	32.709063580172106	-12.189743742605906	-57.081424713134766	181.0	0.6174997592467835
203.1854154002285	200.04783373572909	-33.97793908692288	17.140040730735667	-54.451107025146484	35.91105363900468	-12.596728439656383	-54.451107025146484	187.0	0.6168289977942487
202.7518307845516	193.84728485288906	-24.69857061811277	36.92597349993565	-36.662628173828125	26.966193606980706	-35.303984362203174	-36.662628173828125	184.0	0.6215689991259232
201.66989753073375	187.71133646047207	-19.481358082946564	34.955434240104886	-22.433420181274414	25.08509416917175	-31.179219781676224	-22.433420181274414	190.0	0.6230605286817782
201.23316626760257	181.46578842256062	-16.54242904114374	27.571106418124828	3.5146632194519043	18.260906970730908	-26.46426164296203	3.5146632194519043	184.0	0.626079902968109
200.14450668119144	175.29169310239462	-17.015966083281555	15.605613520234575	4.72161340713501	19.364700168391664	-12.573251865711118	4.72161340713501	190.0	0.6269340692415792
198.93730693416512	169.081188795752	-19.82741311855358	3.60552373179686	-6.073703765869141	20.149420968442026	0.3562962122303714	-6.073703765869141	191.0	0.6326744421268081
197.39542285799683	162.89702954133375	-22.47440307360883	-2.892358612781393	-21.829692840576172	21.17054202806603	8.07915107532088	-21.829692840576172	194.0	0.6373478813673757
196.5010507484147	156.53324131226822	-19.05164871349354	8.337995004930402	-42.33720016479492	20.00864874926526	-5.6693434040574955	-42.33720016479492	188.0	0.6426328819379815
195.377682369788	150.1623026498292	-20.095215529355375	19.20374930474886	-43.555877685546875	23.000984843550835	-15.606292665384453	-43.555877685546875	190.0	0.6469220660532363
194.92250407538907	143.65294977433055	-19.942287613362588	30.036392807305003	-28.671602249145508	22.166284339065747	-28.434759832439017	-28.671602249145508	184.0	0.6525248051795007
194.3468862931514	137.07360841695464	-24.403320629495997	27.197343976057056	-14.309107780456543	26.535238803171676	-25.12167746701251	-14.309107780456543	185.0	0.660447337250331
194.3468862931514	130.42835950890785	-23.379583148995113	21.78143410099607	-8.162627220153809	23.550784215387175	-21.596211300991687	-8.162627220153809	180.0	0.6645248908046804
194.69575839188624	123.77148330641411	-23.62433547118535	17.399379540378323	-8.094803810119629	22.597139711169245	-18.714083245490283	-8.094803810119629	177.0	0.6666011739908878
195.39386383066514	117.12945373439663	-15.2706388653461	21.234674440044902	-8.54745101928711	12.788830052745748	-22.815556881489925	-8.54745101928711	174.0	0.66786157277693
195.97894157628315	110.44198450080124	0.10388385604559512	16.183019895832253	-11.752150535583496	-1.6125620128130276	-16.102812442529466	-11.752150535583496	175.0	0.6713014279643865
196.33102790438954	103.72377714832295	4.8916475424785615	4.193606494915881	-11.510336875915527	-5.125737819357421	-3.9040188167126235	-11.510336875915527	177.0	0.6727427057451665
195.7451522835114	97.02718815877303	-0.38341521417934643	1.8542837722324368	-10.123132705688477	0.5388472382403031	-1.8152187714624226	-10.123132705688477	185.0	0.6722168871584568
195.39571014265454	90.35943490463062	-9.72394891864541	-2.8132187729383182	-3.261197566986084	9.535295990216442	3.39816315320499	-3.261197566986084	183.0	0.6676903718635865
194.8212139847969	83.79291377258241	-17.690283462828276	-8.393050345753757	-1.629887342453003	16.961665384169233	9.782194564464973	-1.629887342453003	185.0	0.6591604175997596
194.59260436505642	77.24639079878276	-25.73977273797788	-5.305188429331715	-17.62010955810547	25.491763372936123	6.391472835872558	-17.62010955810547	182.0	0.6550513369555434
194.13963652657964	70.76864891570195	-25.894308472978977	1.545565888029532	-24.893871307373047	25.939989508456733	0.1446703466020006	-24.893871307373047	184.0	0.6493559868555437
194.13963652657964	64.33486145653073	-25.05489477502549	10.061207472208089	-29.997821807861328	25.048065367177866	-10.078197723204292	-29.997821807861328	180.0	0.643378745917121
193.804779805181	57.94541458471864	-33.5777503922383	11.46343733142102	-28.852783203125	34.12845462452897	-9.701767972712167	-28.852783203125	183.0	0.6398215403655552
193.4716697864124	51.58929678454337	-36.12057410742999	24.164868318124917	-28.350723266601562	37.00383561750345	-22.789315133971062	-28.350723266601562	183.0	0.6364840593000652
192.37417903363374	45.36511743111122	-42.151299825890845	22.077155949786583	-24.26390838623047	45.414029991473505	-14.202069277992127	-24.26390838623047	190.0	0.6320197352624816
190.53368492336213	39.345132451224735	-39.55584230795865	29.35813695994499	-34.305267333984375	46.4676645486329	-16.349954674148325	-34.305267333984375	197.0	0.6295048667643751
186.483927536834	34.518819536694885	-35.648042558037034	39.452333370212976	-38.10724639892578	52.56604423989066	-8.005032138842287	-38.10724639892578	220.0	0.630030405922578
181.0067849933079	31.482789848721325	-13.846031329289069	42.316674349555626	-38.11442947387695	43.547381299625656	-9.275726037513575	-38.11442947387695	241.0	0.6262313207462588
174.91964760087404	29.965096039633746	-15.451052469944237	34.63632561215563	-29.072498321533203	37.31289881504007	6.793942622573374	-29.072498321533203	256.0	0.6273486760367726
168.7756649309249	28.9919847830902	-12.090749950191645	31.899480529035603	-23.106184005737305	33.47841954085179	6.5542747445536484	-23.106184005737305	261.0	0.6220568186769379
162.60710980652624	28.560637388943196	-19.789373078645124	32.56445901441125	-15.383308410644531	33.78429485890489	17.62625027150264	-15.383308410644531	266.0	0.6183618107320544
156.44632169360406	27.913112465700635	-17.822056357898777	31.300974856213216	-21.267658233642578	32.99700232845435	14.44211054899493	-21.267658233642578	264.0	0.6194723456179727
150.25871249928562	27.58883360875508	-17.40158664924471	34.190901469677286	-15.085612297058105	35.13619714143474	15.403915465185646	-15.085612297058105	267.0	0.6196100735032974
144.1370102222637	26.72848446094289	-12.620881900710323	36.24404285150151	-10.972343444824219	37.71291109033248	7.11713701328225	-10.972343444824219	262.0	0.6181863750086729
138.02397318679667	25.869353133411717	-15.078959451930128	35.39626315347575	7.650839328765869	37.21312621913061	9.77004096112764	7.650839328765869	262.0	0.61731133502421
131.9426200760193	25.230177165322914	-32.20068106058212	33.268308621711206	8.81788444519043	36.40581548530455	28.60560815932281	8.81788444519043	264.0	0.6114850903835995
125.8919212759068	24.70080961390316	-45.495934411418695	25.674672483755074	0.3357539176940918	29.266410265859886	43.27292554550215	0.3357539176940918	265.0	0.607381148655265
119.9285356704863	23.43325287370247	-36.7373044026999	22.668694280025402	-27.22368812561035	29.82142238873966	31.211888790175237	-27.22368812561035	258.0	0.6096611187255152
113.97093408020653	22.166925563872745	-22.583845852113576	29.136939510981026	-19.576229095458984	33.13442772756907	16.158621126355325	-19.576229095458984	258.0	0.6090697953775466
108.07807523727463	20.587938795798543	-16.34318308309366	31.6491573827225	-6.21492862701416	34.77913140613147	7.692906795152038	-6.21492862701416	255.0	0.6100736394606325
102.12789794696438	19.323189569643144	-25.992062115042224	27.26072481790571	2.76790714263916	32.161348533376945	19.605664260729505	2.76790714263916	258.0	0.6083107790528176
96.28988340575908	17.758898287926034	-38.557058892206435	20.118919309036194	-9.558690071105957	29.60623291927558	31.857317478252735	-9.558690071105957	255.0	0.6043957395397541
90.43847647946944	16.407994555313948	-42.58354512704022	20.904232600020325	-20.032642364501953	30.04505830633911	36.710212850800886	-20.032642364501953	257.0	0.6005322964821769
84.7133748220304	14.657655324165	-29.112021571008285	19.56253853592198	-43.29069519042969	27.24811381990132	22.0849045091435	-43.29069519042969	253.0	0.5986691608234919
78.94962092701948	13.113262122625086	-24.59161371186009	22.84499539174262	-42.45227813720703	28.545751852852497	17.65733078801706	-42.45227813720703	255.0	0.5967077117250649
73.31822876633244	11.174218300437584	-16.199015082006202	24.60397238737277	-42.35160827636719	28.542228864238517	7.287298424457166	-42.35160827636719	251.0	0.5955876813015111
67.56704012011396	9.6331919471643	-17.468528551352897	32.252734296027036	-35.43389129638672	35.705239886708924	8.397869012560252	-35.43389129638672	255.0	0.5954068614474904
61.92811544924686	7.691554473724423	-7.191615805246636	40.132972476518844	-30.82267189025879	40.322524354924525	-6.038944223770446	-30.82267189025879	251.0	0.596384335156278
56.22121389866825	5.946779573648539	-8.891432896179445	40.08817138635288	-17.526123046875	40.96206035767957	-2.8685667680358704	-17.526123046875	253.0	0.596765990652377
