0.0	0.0	0.8417476020318095	15.686561653670537	-19.14299774169922	0.7703662265410411	15.69022917031291	-19.14299774169922	0.32449513711299005	0.0
-0.20363102867049365	5.83122971326893	-15.465412527065649	7.192378994446679	-9.014161109924316	-15.223634350461975	7.690920451773712	-9.014161109924316	358.0	0.5834784106095773
-0.5096180929308562	11.669810711097625	-10.724967504512426	7.8189025320806005	-6.382493495941162	-10.341306062213059	8.319708751312113	-6.382493495941162	357.0	0.5846593551094602
-0.1025461875777195	17.49121017203666	-6.470605516687524	7.966904331981456	-16.238710403442383	-6.951886880966999	7.550600584176788	-16.238710403442383	4.0	0.5835614725112437
1.7016338128214632	23.043905257366067	-14.696236674743595	20.61896972349116	-3.956692695617676	-20.48905820478123	14.87682018239821	-3.956692695617676	18.0	0.5838449124937354
3.79578758178224	28.499362340673095	-11.640711323039575	27.90011008741209	-9.072050094604492	-20.889240273434936	21.853190700553537	-9.072050094604492	21.0	0.5843585542785993
5.412471953282936	34.13741076897649	-20.429349798715034	27.767642169544573	-25.24672508239746	-27.324345274405538	21.01857369516779	-25.24672508239746	16.0	0.586525859932441
6.946052943484517	39.860812941930575	-26.11262119706226	24.895248316157648	-29.738075256347656	-31.50576397936856	17.5792266775515	-29.738075256347656	15.0	0.592530194056668
7.978761736659588	45.7175955456237	-37.874812631290006	11.674858167010786	-31.138471603393555	-39.316000760643355	5.005579812992153	-31.138471603393555	10.0	0.5947132915819482
9.019282961599513	51.61868465155185	-44.94271191860021	10.281078941991245	-32.558719635009766	-46.029842744919634	2.6079715657411393	-32.558719635009766	10.0	0.5992122917268501
9.750796222113747	57.576382061837	-48.89262664767523	9.491725406912577	-28.34035873413086	-49.64816078763552	3.9549869929347663	-28.34035873413086	7.0	0.6002438677973027
10.593673638669545	63.573766511279544	-48.86304308382222	20.22909455027368	-15.731146812438965	-51.28961516563896	12.891416597722557	-15.731146812438965	8.0	0.6056324180041475
10.91021636263302	69.61376149473244	-37.786334271592466	31.48377302599088	-20.076242446899414	-39.16409426380421	29.752457749444716	-20.076242446899414	3.0	0.6048283946395903
11.651266585491735	75.64913123022158	-26.875521707039294	35.859540685017045	-16.65176010131836	-31.065881589971596	32.29723403333166	-16.65176010131836	7.0	0.6080694308782282
12.07580977548338	81.72038170185193	-18.15814967250476	26.997205510870213	-23.26905632019043	-19.835013570768023	25.790303247009216	-23.26905632019043	4.0	0.6086075846507344
12.930007159470101	87.79831190481084	-11.106627144806998	23.701465962269346	-24.64377784729004	-14.580043776268194	21.737961697833565	-24.64377784729004	8.0	0.6137661502791585
13.464166118940838	93.90377674954995	-12.59722972522822	10.401164660593869	-31.094715118408203	-13.489637659437795	9.214342020135662	-31.094715118408203	5.0	0.6128786728572632
14.000846541132132	100.03806204506446	-17.02421162026345	1.3599307037070132	-38.48150634765625	-17.078438404837964	-0.011595798973236366	-38.48150634765625	5.0	0.6157717268787931
14.215847524558088	106.19488466252606	-27.0373169791165	-5.8769209676808565	-33.797733306884766	-26.789057625499606	-6.921062131439783	-33.797733306884766	2.0	0.6160575473586928
14.752520228172884	112.32908173430751	-28.40567130577602	8.449738835447048	-28.642017364501953	-29.053714607063455	5.844819608025292	-28.642017364501953	5.0	0.6157628708054529
15.183271215636129	118.48910784576849	-31.346468566120326	17.483826221003373	-18.809490203857422	-32.57159724792707	15.079002739300915	-18.809490203857422	4.0	0.6175068267402527
15.719674083879944	124.62022068514649	-24.611092684891112	29.869729323251644	-21.119388580322266	-27.060940938246933	27.66969621310163	-21.119388580322266	5.0	0.6154532694384365
16.15167278926785	130.79808999423057	-23.498989906667944	26.379021377765252	-36.295928955078125	-25.24408993690906	24.714190634927228	-36.295928955078125	4.0	0.6192955036295644
16.69471712391328	137.00511514194608	-18.459083267779636	22.464842645890027	-45.9976921081543	-20.237192764660566	20.8773307488623	-45.9976921081543	5.0	0.6230734975407246
17.02058546661223	143.2230535311882	-25.810200533944972	10.276852209746899	-45.92087936401367	-26.254458758699496	9.082044826534405	-45.92087936401367	3.0	0.6226471552105934
17.129706143333728	149.47457291368545	-7.124713605283052	26.072193548159632	-45.52491760253906	-7.414851795445051	25.991167600198096	-45.52491760253906	1.0	0.6252471664216237
17.239386186915958	155.7581384021714	-15.141459170611002	6.08816452087908	-47.0010871887207	-15.202419640021793	5.934304520097572	-47.0010871887207	1.0	0.6284522651725579
17.45696218218902	161.9886997110933	-18.77465567153182	9.670396495897894	-41.196495056152344	-19.097596560722018	9.015878746764221	-41.196495056152344	2.0	0.6234359112046213
17.45696218218902	168.2403241871554	-20.72875779548934	8.549547499506478	-37.27820587158203	-20.707191114014915	8.601650908868555	-37.27820587158203	0.0	0.6251624476062126
17.67583215239257	174.50794008992838	-21.98134556846043	12.761156655574663	-38.15665817260742	-22.362264434585793	12.081216890108877	-38.15665817260742	2.0	0.6271436292313721
17.894059661152347	180.7571583040731	-26.630549545853118	12.275980306589597	-39.11750411987305	-26.991148847241988	11.461402423261335	-39.11750411987305	2.0	0.6253027389479239
18.548244870137484	186.98131480291946	-29.02766338292612	12.615372704562038	-37.44289779663086	-30.110614030827705	9.752117341070111	-37.44289779663086	6.0	0.625844089288907
18.875055646009386	193.2172358883537	-32.119055822866905	2.994963869364804	-38.19377899169922	-32.23295616372559	1.2806609537990286	-38.19377899169922	3.0	0.6244478926779209
19.529038045369163	199.4394627825096	-25.073542221442732	1.6458009699821232	-45.16029357910156	-25.112232222851524	-0.8757700319393015	-45.16029357910156	6.0	0.6256500659396514
19.63725870006285	205.6394199375666	-23.62573055340327	-4.221075721885819	-39.69325637817383	-23.562332272933673	-4.56170168816143	-39.69325637817383	1.0	0.6200901582402749
20.17231550992929	211.75514725928863	-17.961243845018863	0.9476053822381775	-31.827648162841797	-17.97730491150654	-0.5663431286751698	-31.827648162841797	5.0	0.613908840655043
20.278881255177172	217.86029471569313	-15.22535144016502	5.197232129588251	-26.93123435974121	-15.308241156832864	4.947757165586037	-26.93123435974121	1.0	0.6106077441574287
20.921019879465007	223.9698356173007	-14.753950122217386	9.69470510225252	-25.073898315429688	-15.623712779681227	8.219850984448868	-25.073898315429688	6.0	0.6143193960898363
21.028625087396055	230.13453385094027	-17.21513056137508	6.32792837887308	-19.77849578857422	-17.335406226326125	5.990583342345802	-19.77849578857422	1.0	0.6165637290062794
21.569112518569963	236.31233345824316	-20.446652905676792	8.069565077262597	-7.999227046966553	-21.074336716682605	6.24946617986534	-7.999227046966553	5.0	0.6201397798178145
21.78698327984817	242.5513357611475	-24.28934470718018	20.171676749440707	-4.302043437957764	-24.980788885682216	19.308780278337743	-4.302043437957764	2.0	0.6242805251188404
22.659981372063903	248.7630399541985	-27.08057964117366	30.87238678632182	-9.238304138183594	-30.859867459869594	27.09484526520661	-9.238304138183594	8.0	0.6272750166472416
23.86401046430058	254.95723265600978	-29.77490189029893	23.6723094718979	-25.284561157226562	-33.72744963427649	17.58926261892683	-25.284561157226562	11.0	0.6310127517104893
26.529397595669533	260.6731738050676	-29.365013889385033	17.554012479082104	-30.69547462463379	-34.0342423884381	3.4810544213771863	-30.69547462463379	25.0	0.630684324995951
30.179348813959063	265.88584436217377	-28.121222495503886	4.864021569821843	-33.2021598815918	-25.84548111212759	-12.102601644108674	-33.2021598815918	35.0	0.6363495755700204
34.706043263945546	270.4125388121603	-21.00969802986299	3.7811017500022137	-33.368011474609375	-17.57547397941442	-12.116387916735963	-33.368011474609375	45.0	0.6401712683889901
39.52714775819422	274.60346101063686	-16.886947699053053	-2.8671604702577698	-30.827791213989258	-8.954342158687957	-14.601690595883253	-30.827791213989258	49.0	0.6388026097171846
45.04464554410909	277.78898984258797	-10.755240247461607	-2.29722618565378	-27.45431900024414	-3.452624166794959	-10.441830648479932	-27.45431900024414	60.0	0.6371057663902231
50.62435642804222	280.75577474551943	-8.614371794518611	0.49597231153257587	-24.957149505615234	-4.4830882001776615	-7.372605383270733	-24.957149505615234	62.0	0.6319413438646333
56.387391095914666	283.20203782697416	-2.2971073185723103	1.0894928385211218	-31.370849609375	-1.9014655018937043	-1.6876390678505289	-31.370849609375	67.0	0.626073251678972
62.14346262309883	285.52764168173957	-1.2639923599870346	1.3122876610257905	-41.003265380859375	-1.690186899437609	-0.680473244408342	-41.003265380859375	68.0	0.6208123123405331
68.04412111860677	287.44488184767414	2.188960153855225	-2.2175053817220576	-49.43956756591797	2.7876666189894084	1.3920457946864897	-49.43956756591797	72.0	0.62043195061572
73.79823466833275	289.53920790436223	-13.64616880464639	-4.839332048706913	-51.8027458190918	-0.0371019163645837	-14.478801095751962	-51.8027458190918	70.0	0.6123399739920871
79.5257152390831	291.62384034945336	-27.877615525206867	-2.4577792190048586	-43.47731018066406	-7.089781004918791	-27.072811663418335	-43.47731018066406	70.0	0.6095057515680176
84.79467551211415	294.6658759814373	-34.41495814393764	3.2363554180497243	-25.208820343017578	-19.9387288089174	-28.2366859586136	-25.208820343017578	60.0	0.6084071263967845
89.70370094285062	298.2324917279272	-25.94899307245094	12.03838034153497	-15.692829132080078	-24.794342948296343	-14.26581229667031	-15.692829132080078	54.0	0.6067889135665452
94.08646055587681	302.4648734889044	-16.750745651240134	19.396986888219615	-15.054984092712402	-25.590258647549426	1.4032970340686293	-15.054984092712402	46.0	0.6092752842207374
98.57706099309318	306.50822828389965	-9.879891631512317	25.383147672663934	-23.07068634033203	-25.460503253651353	9.678802534069	-23.07068634033203	48.0	0.6042698923903059
102.29572948697994	311.26790690555003	-11.90009157431852	23.437188008766476	-31.4001522064209	-23.798097043159878	11.160848460568708	-31.4001522064209	38.0	0.6040118868765887
105.57797071858884	316.3221151808922	-8.16741176194875	14.723077832305497	-39.50405502319336	-14.945725562630567	7.752478516698738	-39.50405502319336	33.0	0.6026452421865693
107.83385622129227	321.9056277314458	-9.40822377811324	4.702826586890678	-42.477294921875	-10.487859839055465	0.7975265273009007	-42.477294921875	22.0	0.6022012271948431
110.27267679960552	327.3833084352917	-12.184742177136862	4.490521725009461	-43.08821105957031	-12.962236073286764	-0.7830474228699305	-43.08821105957031	24.0	0.5996068020502291
112.13266639167234	333.1077677821131	-17.465708689199534	-5.960188460624316	-46.13460922241211	-14.781282267283093	-11.04936744963447	-46.13460922241211	18.0	0.6019052757370339
114.19458972494522	338.77285558092694	-17.06156027635038	-11.683295203711705	-47.80476379394531	-12.136684165323423	-16.742076434892954	-47.80476379394531	20.0	0.6028660514622155
115.96385180939807	344.55985110264425	-26.004559745818266	-24.828218165459823	-33.58782958984375	-17.96047481569882	-31.146410535407597	-33.58782958984375	17.0	0.6051413511887832
118.04933834733087	350.2896782741912	-23.505782936231167	-24.195651559536334	-21.52782440185547	-13.998755583352503	-30.691794146860598	-21.52782440185547	20.0	0.6097554716088818
119.73857146319182	356.18073424145905	-22.500802453017798	-19.521721192968695	0.09529280662536621	-16.349277638784983	-24.901502566223996	0.09529280662536621	16.0	0.6128462199377864
121.34369387066529	362.17113261851733	-22.498292162126976	-6.106625524238538	-0.9094970226287842	-20.062086550760963	-11.873361307375504	-0.9094970226287842	15.0	0.6201716750935665
122.95076710885422	368.16881159492266	-25.496908353467706	-1.6681239905407255	-5.2911787033081055	-24.157267296210545	-8.324746843741574	-5.2911787033081055	15.0	0.6209254182018771
124.88131244020751	374.1104191789992	-30.52444049832488	-1.394446943762271	-7.362120151519775	-28.586122813344254	-10.794421360830002	-7.362120151519775	18.0	0.6247375925904072
126.50678533865026	380.17676662231383	-36.62244374944459	6.577892007465339	-3.4915664196014404	-37.068269050669116	-3.2273021287625774	-3.4915664196014404	15.0	0.6280345010155196
128.12734897832627	386.22479246248344	-37.93211744777645	13.172357376274904	-16.517457962036133	-40.04444689015475	2.966278169994467	-16.517457962036133	15.0	0.6261377090832269
129.6366446987973	392.2782469612159	-41.07656866756887	8.751637501317806	-16.34595489501953	-41.96340518100184	-1.7170550576613683	-16.34595489501953	14.0	0.6238772711043158
131.35270944454945	398.2628759421181	-40.57578426627611	7.027890704649763	-14.839241027832031	-40.96305639077138	-4.220607504420037	-14.839241027832031	16.0	0.6225806152673516
132.53806493182876	404.3610012745533	-37.366122562160776	8.070290712662368	-12.929062843322754	-38.20720214547594	1.251563714736221	-12.929062843322754	11.0	0.621226208408102
133.92488391824241	410.36797425620324	-32.37067925790664	11.28777035737328	-15.773016929626465	-34.0756969213113	3.757860373403714	-15.773016929626465	13.0	0.6164981046471244
134.9886389747253	416.400828968561	-31.218244242615132	10.9376682269691	-11.173113822937012	-32.64621453580265	5.33254501314055	-11.173113822937012	10.0	0.6125921220568371
136.3669034571441	422.37074832254086	-27.570975068338747	17.490275527428395	-12.160319328308105	-30.76323746081537	10.940366775104183	-12.160319328308105	13.0	0.6126952756184803
137.32739396853412	428.4350467436606	-27.81294141073967	24.227187953480016	-21.47981834411621	-31.256863963182848	19.58378924614862	-21.47981834411621	9.0	0.6139890663755004
138.1811171589335	434.5096028839256	-31.38602255222866	25.710026221198923	-33.634395599365234	-34.485451663589956	21.3738504603626	-33.634395599365234	8.0	0.6134254281251834
138.818845561212	440.57718332601235	-48.34919641399863	13.97493568714626	-30.15652847290039	-49.62575844650107	8.38019808529723	-30.15652847290039	6.0	0.6101002371435886
139.5627765240201	446.6360148056184	-52.53166599008279	6.886807801120301	-30.52353286743164	-52.97853355159178	0.5282386828477511	-30.52353286743164	7.0	0.6104332246502489
139.99038077961788	452.75104055487174	-54.05132991003219	-4.909535657064621	-8.796279907226562	-53.59867580166103	-8.534152431235654	-8.796279907226562	4.0	0.6129958018896763
140.74003635445007	458.8564952579675	-52.2887484875293	3.4524653451374885	15.574361801147461	-52.33409479132817	-2.6786671543419756	15.574361801147461	7.0	0.6151305602262875
140.8475316475702	465.014896476307	-48.755564829823165	25.56943238239027	22.000045776367188	-49.10221191503222	24.897264092345278	22.000045776367188	1.0	0.6159339315550706
141.2804246816626	471.20555528171764	-41.38629932872798	34.999384575449064	16.289012908935547	-43.731692098741874	32.02064644831658	16.289012908935547	4.0	0.6205775763268733
141.49633177218865	477.38832541159894	-35.064539880171274	37.86475840793145	6.876489639282227	-36.08990727082622	36.88875817213561	6.876489639282227	2.0	0.6186538802164909
141.81769799311178	483.52035819985156	-35.166445939640084	37.744317091891986	6.017815113067627	-36.8114443773727	36.141803436056065	6.017815113067627	3.0	0.6140448058908686
141.81769799311178	489.6407526199448	-38.459555546313375	47.194307564270254	4.980476379394531	-38.20840542343096	47.39786740233817	4.980476379394531	0.0	0.6120394420093236
142.03140361583849	495.7604809603298	-41.32058063652261	58.445048885075266	-15.517854690551758	-42.92551687593099	57.27664553945499	-15.517854690551758	2.0	0.6123458585905204
142.03140361583849	501.9015657122236	-41.92840268896316	44.70136647621143	-40.74233627319336	-42.184024194885765	44.46022064288149	-40.74233627319336	0.0	0.6141084751893781
142.67404228240815	508.0158641983429	-38.738321325308775	37.80800542831093	-35.6765251159668	-42.54320346108824	33.469070092228606	-35.6765251159668	6.0	0.6147977751515656
142.99597918288424	514.1587862011506	-35.92796777426864	26.899007882886135	-39.22996139526367	-37.09873386014437	25.25983846834009	-39.22996139526367	3.0	0.6151352217233822
143.42423005092476	520.2830589391451	-23.149196285032446	32.90104707601958	-39.14347457885742	-25.33091307830331	31.252344391434995	-39.14347457885742	4.0	0.6139227587842028
143.2095021081869	526.432062694306	-20.193731498181556	13.419945336243384	-43.75483322143555	-19.751787479019747	14.06231190210376	-43.75483322143555	358.0	0.6152751845343226
143.42271902136102	532.537796224161	-13.375240380682673	10.051606619554706	-37.99611282348633	-13.644273723895681	9.68326625796948	-37.99611282348633	2.0	0.6109455244918269
143.3156400201574	538.6723480945775	-12.03631852411815	3.842707481106257	-30.84138298034668	-11.969442850228067	4.046208380015042	-30.84138298034668	359.0	0.6135486334703237
143.74324024362392	544.7873161816676	-14.864809882091146	10.360970417902601	-24.332876205444336	-15.597502558257954	9.221181853564325	-24.332876205444336	4.0	0.6129900215928388
143.85033790677676	550.9229371944374	-16.962816594812146	9.317275627933844	-22.43740463256836	-17.05186580046284	9.153286004442894	-22.43740463256836	1.0	0.6136555639916863
144.49048683601302	557.0135474121714	-11.688475470507386	10.957164803747713	-19.496307373046875	-12.790352772223883	9.648149839383992	-19.496307373046875	6.0	0.6124159001525696
144.7046337350688	563.1459122532835	-7.983169234260799	8.6048880747564	-15.757871627807617	-8.296149987446148	8.303552564278155	-15.757871627807617	2.0	0.6136102789139284
145.2400747806518	569.2660314093426	-3.4346559888293067	8.338026975067752	-8.701704025268555	-4.159179258736968	8.00129886282538	-8.701704025268555	5.0	0.6143497016981146
145.13310335077898	575.3944205223441	-0.1860244839672497	7.938171200674158	-3.433835744857788	-0.02782164990645013	7.940301825223293	-3.433835744857788	359.0	0.6129322638527441
145.13310335077898	581.4954036956383	1.34006503392284	20.510538254519002	2.7593512535095215	1.257192894610592	20.515784650141235	2.7593512535095215	0.0	0.6100983173294122
144.6022714760271	587.562839788025	-1.4309679684796923	32.53590770110343	-13.070734024047852	1.3044311993971547	32.54122644442855	-13.070734024047852	355.0	0.60906127125643
144.49560617090782	593.6736910256419	-4.3137118865380035	35.03602882593204	-34.0363655090332	-3.614949827918523	35.11500482519163	-34.0363655090332	359.0	0.6111782091632504
144.28221229358974	599.7844921455461	-14.813046157970602	20.31330103249998	-50.11425018310547	-14.000388640918661	20.88170618551961	-50.11425018310547	358.0	0.6114525923888017
144.38940899153692	605.925786857884	-12.509421001982126	10.382569109541201	-53.58268356323242	-12.653344984527045	10.206675062025584	-53.58268356323242	1.0	0.6142230203748456
144.28231277792923	612.0613248262683	-12.224085636223274	-5.245309687205652	-47.29418182373047	-12.338737596360874	-4.969617478696353	-47.29418182373047	359.0	0.613647258288141
144.60071723359573	618.1368437668223	-8.214739374412051	-0.5611256483195401	-37.11927795410156	-8.172078027902595	-1.0069487020644887	-37.11927795410156	3.0	0.6083856654657251
144.70617891970016	624.1787397172607	-11.722029352676971	3.352799268087312	-32.45429229736328	-11.769061030579412	3.183777243401994	-32.45429229736328	1.0	0.6042816300629997
145.12619448759605	630.1852421763629	-11.637342402623077	13.084645730787214	-39.89947509765625	-12.465812817218142	12.297934903965665	-39.89947509765625	4.0	0.6021169725931663
145.2313244526695	636.2081338416631	-13.501119259684229	4.370139994551355	-53.036861419677734	-13.598750279616706	4.0561478854719155	-53.036861419677734	1.0	0.6023809120606216
145.6525900378335	642.2325123805321	-5.940986716804488	-3.6312253336577878	-59.23242950439453	-5.696314472987981	-4.004138111738048	-59.23242950439453	4.0	0.6039089457263257
145.6525900378335	648.2718248539841	-7.022358344339071	-22.136589200423078	-48.671566009521484	-7.236501678068903	-22.067513262891723	-48.671566009521484	360.0	0.6039312473452021
145.75804174898116	654.3131493395314	-3.468291349574809	-23.754426325147143	-28.207538604736328	-3.0448843267462187	-23.812402112326136	-28.207538604736328	1.0	0.6042244748688825
145.54889055356415	660.302455945917	-9.336079818812834	-15.735129744840147	-0.3700103759765625	-9.826795293625691	-15.433430879988205	-0.3700103759765625	358.0	0.5992957354081495
145.96534627726524	666.2580502612639	-17.359421139563636	-1.5536141221913833	12.475142478942871	-17.226585160898825	-2.6472594953464057	12.475142478942871	4.0	0.597013726967777
146.59204618943951	672.220701629119	-21.219533990485143	18.593262940036954	20.71729278564453	-22.851310680653512	16.54677157958484	20.71729278564453	6.0	0.5995495318529132
147.9528106685823	678.1148201411088	-24.799125602056716	31.10123769603222	13.638592720031738	-31.17981384903871	24.700259617886104	13.638592720031738	13.0	0.6049158040676141
150.3213084046413	683.6946511360516	-16.185784301775122	35.3368823951398	2.2103161811828613	-28.312076324504893	26.628954261610435	2.2103161811828613	23.0	0.6061707305523839
154.23811691376758	688.3625217483063	-5.059955442896233	31.18000262822919	0.21220630407333374	-23.7037008692917	20.87894341387069	0.21220630407333374	40.0	0.6093472322897375
159.1883312249632	691.9590629681308	5.650077668767362	27.130849199892555	-7.976821422576904	-18.432221246901022	20.694433451430957	-7.976821422576904	54.0	0.6118801391830092
164.91105766143903	694.2711945317471	8.33597603184669	20.33441917316476	-20.366147994995117	-15.644734994448422	15.434356691063417	-20.366147994995117	68.0	0.6172159284578667
170.85694889529893	695.8643912861432	-5.8157209561979375	11.226292624027307	-25.334041595458984	-12.376123714461132	-2.5853081296051665	-25.334041595458984	75.0	0.6155639565724277
176.8806998844556	696.7109742781987	-6.570844920485608	4.387818457121086	-26.941844940185547	-5.307530580848437	-5.853125055479563	-26.941844940185547	82.0	0.6082949838836696
182.92910427815247	697.453624955842	-15.044391420138352	6.781179480844859	-28.61126136779785	-8.72209377089749	-14.008682614915474	-28.61126136779785	83.0	0.6093826854998052
189.03159513871918	697.560144330037	-17.203647477266216	2.4720379267638437	-37.38105010986328	-2.700126046415888	-17.169326642791606	-37.38105010986328	89.0	0.6103420441062486
195.12637545721145	697.560144330037	-36.6335985782787	-0.9546037215223736	-32.919681549072266	0.8721178441491042	-36.63565508525164	-32.919681549072266	90.0	0.6094780318492258
201.2246802187016	697.2405457200962	-38.443854771665734	-5.042162135421404	-34.591590881347656	6.733935924355199	-38.18386407465177	-34.591590881347656	93.0	0.6106673745623687
207.32273298162013	696.814128331322	-45.51205962591631	-5.87845762275036	-18.94535255432129	8.629505144877571	-45.07144857190597	-18.94535255432129	94.0	0.6112943586259197
213.37236493867022	696.284854116576	-42.21313748055534	-7.152672606275132	-11.575929641723633	10.907818100884448	-41.40204349597786	-11.575929641723633	95.0	0.6072740568323044
219.3719948187161	695.6542676061566	-37.49398485662145	-5.866761539798173	-5.547491550445557	9.59215895926507	-36.71795579677067	-5.547491550445557	96.0	0.60326775187028
225.25122077767116	694.5114618467644	-32.23359802476396	-5.827619899101539	-7.323657989501953	11.402897888594236	-30.70732673243902	-7.323657989501953	101.0	0.5989265637801607
231.04500127424328	693.0669101266423	-31.192600163357604	-5.685071759887037	-4.523702621459961	13.053720940992351	-28.89461395244553	-4.523702621459961	104.0	0.5971149145228837
236.45615934681626	690.4277119927672	-29.435723271330282	-7.849952034293139	-1.4487011432647705	19.64713804269032	-23.28247233818842	-1.4487011432647705	116.0	0.6020464971762678
241.46651271011388	687.0481859768329	-24.243624825741996	-12.981549640930805	0.6569526195526123	24.253595519926215	-12.962911714854009	0.6569526195526123	124.0	0.6043578155156476
245.35826937922798	682.4101709849137	-20.749263557565047	-19.599168843179925	-5.066976547241211	28.489370537248732	1.736411217458449	-5.066976547241211	140.0	0.6054498578483702
247.8093974250777	676.9048472563873	-24.087424361435616	-15.638574327005053	-18.856281280517578	28.44254098487177	3.9737742352872902	-18.856281280517578	156.0	0.6026327078165223
248.3315263004428	670.9368869021822	-23.619432869337682	-13.925674645843213	-21.272186279296875	24.8810874720279	11.521002978053868	-21.272186279296875	175.0	0.5990756993223215
248.12407031627558	664.9961247945131	-28.314231314351737	-2.1334696052885826	-21.21493148803711	28.236143796580688	2.994590285518962	-21.21493148803711	182.0	0.5944383265342464
247.50253714812976	659.082631712386	-32.32252031893417	8.0833324112216	-13.04484748840332	33.03453038892233	-4.336517568462593	-13.04484748840332	186.0	0.59460662552203
247.0859783434103	653.1255632697981	-18.682079142010135	22.407273625858576	-14.93489933013916	20.084028308140326	-21.1598156733523	-14.93489933013916	184.0	0.5971614996587302
246.46142729519852	647.1833569768447	-16.006133769346192	22.572148062937057	-11.706005096435547	18.343274111028222	-20.717685230378404	-11.706005096435547	186.0	0.5974937626439074
245.93795703531578	641.2000645274449	-18.210229150271637	17.681301362275185	-4.694663047790527	19.64976477637582	-16.066350170530246	-4.694663047790527	185.0	0.600614765453092
245.30884919931415	635.2145032947182	-20.015495627707917	8.769742393796257	-9.678277015686035	20.862786971532127	-6.501735664944506	-9.678277015686035	186.0	0.6018531377341102
244.99408206971535	629.2083886700395	-19.5442234979939	12.020812707341989	-17.31470489501953	20.23778849430314	-10.812424665373767	-17.31470489501953	183.0	0.6014357092046819
244.47100900389222	623.2296361695155	-28.95442072422842	13.13444998305289	-17.085058212280273	30.038497591924326	-10.419257087379258	-17.085058212280273	185.0	0.6001590363787953
244.04943827016126	617.2008938028317	-34.71338442089746	16.30244695686035	-20.40251350402832	35.798671382187166	-13.756597035765271	-20.40251350402832	184.0	0.6043463941100914
243.4176553002316	611.1898803709496	-41.61588862618992	10.11731989341728	-27.23406982421875	42.46756887339464	-5.54508268258137	-27.23406982421875	186.0	0.6044123774325009
242.8867601598931	605.1217211495988	-47.7851754480288	6.351282514350756	-34.47623062133789	48.13667652760022	-2.5733548245770366	-34.47623062133789	185.0	0.6091338603763589
242.24502778536245	599.0160454562405	-62.47141937118352	-7.837757653263708	-38.844642639160156	61.228098308293816	14.670673496178892	-38.844642639160156	186.0	0.6139307462001492
241.60220563660567	592.9000012537219	-74.1735677337005	16.87242074086806	-68.45181274414062	75.47606606872904	-9.474185072689751	-68.45181274414062	186.0	0.614973308380886
240.6379285065131	586.8117950630335	-61.37737307087095	49.7165479508141	-74.87956237792969	68.43461312103577	-39.4413589040823	-74.87956237792969	189.0	0.616409644667861
240.10282229032995	580.6955030245275	-46.8556652203537	60.34251702357649	-50.901336669921875	52.19583097317665	-55.787704317367776	-50.901336669921875	185.0	0.6139655280460772
239.24744358168394	574.6091672598557	-49.24069305017751	47.62949901195382	-28.477888107299805	55.423019372846795	-40.26790225214816	-28.477888107299805	188.0	0.6146149670771839
238.8165521296803	568.4471324118816	-42.392544794299596	31.53751720267949	-22.05143165588379	44.31440453344706	-28.774578994174842	-22.05143165588379	184.0	0.6177081909045425
238.60118741330956	562.279893845686	-38.9699857016104	19.309368838439795	-22.08856201171875	39.71650514561214	-17.723169286027634	-22.08856201171875	182.0	0.6170997771303133
238.92297926414182	556.1397395549587	-34.167952393076355	23.032378114591257	-22.091257095336914	32.925611282414245	-24.775865959202925	-22.091257095336914	177.0	0.6148580706894844
238.70641223340732	549.9380712101168	-29.606255821205067	21.621143966675472	-27.370229721069336	30.27669742792759	-20.671861141079418	-27.370229721069336	182.0	0.6205448536424651
238.27334512452705	543.7449230192611	-22.99728471994576	28.63284412717004	-22.972864151000977	24.759514808685015	-27.12344546217486	-22.972864151000977	184.0	0.620827122753933
237.73242996152302	537.5622344147685	-25.301437072433256	17.080345277247844	-19.775585174560547	26.70939134276564	-14.782060980096727	-19.775585174560547	185.0	0.6206305470542917
237.62461839801887	531.3857140782628	-27.62815292303665	5.144907626617078	-24.59914207458496	27.670677714877925	-4.911059277231282	-24.59914207458496	181.0	0.6177461193766625
237.301059738275	525.2118470651919	-43.13913041989571	-2.1461622164616228	-34.84142303466797	42.94361135523858	4.629992377354693	-34.84142303466797	183.0	0.6182339694758017
237.301059738275	519.023388857017	-38.35333645598061	21.94614973507275	-47.69142532348633	38.40549187126375	-21.854750047213525	-47.69142532348633	180.0	0.6188458208174842
236.97612460039562	512.8232570764947	-28.920629827750314	22.794539148627198	-53.10139083862305	29.98286755431107	-21.37806113408556	-53.10139083862305	183.0	0.6208640506557919
236.97612460039562	506.613687054126	-21.715752782402863	35.22083099777018	-40.89830017089844	21.921973719396384	-35.09284718181215	-40.89830017089844	180.0	0.620957002236869
236.75939932446906	500.4074871598834	-26.668385460202153	18.105465464205086	-41.806304931640625	27.27725647109309	-17.174456094434397	-41.806304931640625	182.0	0.6209982848005506
236.86826514549588	494.17056845035574	-29.602704599492185	20.135779960986227	-42.352508544921875	29.058852138507778	-20.912983207433417	-42.352508544921875	179.0	0.6237868767154643
236.65063545643065	487.93846955240116	-33.994191343657995	10.673020700067601	-47.32741165161133	34.30775941109926	-9.617487206304656	-47.32741165161133	182.0	0.6235897638307508
236.54164929898275	481.6946567739263	-32.605933727303565	13.315401666850835	-44.50999069213867	32.70015912126431	-13.08229449381417	-44.50999069213867	181.0	0.6244763886261928
236.32488078669127	475.48721875218644	-41.30726435895992	-6.142935383779355	-45.95159149169922	41.04882401966112	7.6824338951390665	-45.95159149169922	182.0	0.621122173019627
236.43364116990261	469.2563405710609	-37.86530697719354	1.8379908384595196	-62.52040100097656	37.82950125804183	-2.4674921209954097	-62.52040100097656	179.0	0.6231827318610729
236.43364116990261	463.039190256837	-41.00987330984971	-3.533490751692108	-58.57829666137695	40.99508107390567	3.701161105128731	-58.57829666137695	180.0	0.621715031422387
236.54250427366117	456.8024272195035	-37.57120558086651	16.222673926350232	-45.7247200012207	37.08761604197783	-17.29969290025829	-45.7247200012207	179.0	0.6237713071247308
236.32443549491404	450.55775443820454	-32.837826006186674	6.3788051684796025	-34.57683563232422	33.03107394270601	-5.287733577015811	-34.57683563232422	182.0	0.6248479185990787
236.32443549491404	444.3100947362792	-21.279934934468322	3.5710762170871564	-30.355960845947266	21.26668794798397	-3.649136868702546	-30.355960845947266	180.0	0.6247659701925301
235.8880733944068	438.0698259698474	-14.647567322979603	-0.4048087399596195	-29.077592849731445	14.580255949697936	1.4598750078227487	-29.077592849731445	184.0	0.6255506866758587
235.77892530015427	431.81673583804843	-4.5793979913283085	10.609378450264671	-26.797197341918945	4.683124292218716	-10.564002268437521	-26.797197341918945	181.0	0.6254042652787135
235.34502944964865	425.6117360897955	-8.409574805365375	11.297326095331108	-26.89196014404297	9.199951857029559	-10.66355527671816	-26.89196014404297	184.0	0.6220151725231882
235.23660887445013	419.4003254966874	-15.433028175831454	25.030404050372788	-24.490415573120117	15.74073780437783	-24.838048614469628	-24.490415573120117	181.0	0.6212356765133676
234.91023900772615	413.1728174589717	-21.634591101032413	34.01650068234136	-14.094213485717773	23.54615727260295	-32.72241324343986	-14.094213485717773	183.0	0.6236054333448305
234.69430930918256	406.98939992017364	-23.590526776154313	30.258994349848418	4.206368446350098	24.542261306432565	-29.492322774027055	4.206368446350098	182.0	0.6187186605706022
234.26323183754232	400.82470486745945	-22.54733834543941	16.66933303884658	3.188729763031006	23.66627908914517	-15.038496084994488	3.188729763031006	184.0	0.6179748609734432
233.83332392554456	394.6767352968594	-22.689790486908723	6.241077754767316	-5.711310863494873	23.014810187814668	-4.908783545821443	-5.711310863494873	184.0	0.6162982285697604
233.19628150483476	388.61568153342614	-22.742460833109533	3.193797650758739	-10.770703315734863	22.954157230002444	-0.7256266532038816	-10.770703315734863	186.0	0.6094439742011781
232.03945751527425	382.6643380321618	-22.866707479732394	1.6576972306885973	-16.81461524963379	22.809703558556137	2.313373001284834	-16.81461524963379	191.0	0.6062732982151162
229.77985050022374	377.0716144153231	-22.208048065954628	-3.265339754988641	-22.338132858276367	19.51017726866629	11.100127276769289	-22.338132858276367	202.0	0.6031946726953995
226.52013098252905	372.0520865381625	-10.083160828962301	8.226503871269841	-31.352832794189453	12.92226092269283	-1.5364474909944805	-31.352832794189453	213.0	0.5985100788093088
222.315423163581	367.8473787192144	-9.316226297982624	10.563828163232706	-29.04189682006836	14.051868178564147	-0.9651624680787536	-29.04189682006836	225.0	0.5946354823372538
217.62077262498192	364.17951573193494	-5.865693217512509	11.809012185981992	-21.57121467590332	12.923360328845092	-2.616463938501024	-21.57121467590332	232.0	0.59575970468825
212.39234753424236	361.3995127984532	-7.461422832631411	8.864263420031692	-16.122915267944336	11.342264555958673	2.366649828273901	-16.122915267944336	242.0	0.5921557670042759
206.87274601011805	359.1694490265473	-15.228680668501251	5.917367544784767	-13.999214172363281	11.311305325766604	11.789076528318063	-13.999214172363281	248.0	0.595308200950421
201.10268614326256	357.6233661449441	-29.82866490081174	4.152106878461616	-20.458024978637695	11.677351140193293	27.7602001369535	-20.458024978637695	255.0	0.5973605539695654
195.36479128187003	356.08590185057926	-38.443950914635735	7.589930844109681	-38.455501556396484	17.433221321117816	35.09454667771351	-38.455501556396484	255.0	0.5940305875697097
189.5549729583278	354.7445996034549	-42.25252196386175	12.420427250250892	-54.76525115966797	21.733432798849552	38.304053625736344	-54.76525115966797	257.0	0.5962640410984709
183.80260891199282	353.2032583026696	-18.797225418757172	11.412212216575401	-70.76968383789062	15.985495282056597	15.100934133591531	-70.76968383789062	255.0	0.5955285478217955
177.95416203569945	351.9601325435349	-16.216187057190147	17.196730978821286	-60.247581481933594	20.27583119256719	12.148372256489855	-60.247581481933594	258.0	0.5979104658546273
172.14376434053102	350.51143769047394	-10.092831178639768	15.463490591054697	-55.42847442626953	17.465544098891296	5.994960532801158	-55.42847442626953	256.0	0.5988275056583812
166.29153221362705	349.0523123420983	-22.015453641505804	17.79754678763437	-49.61160659790039	22.66919084382006	16.95702383043057	-49.61160659790039	256.0	0.603139019210657
160.58443384992657	347.30747727021253	-12.057122324621224	18.638397078437677	-49.48334503173828	21.37042205678854	6.005756032267666	-49.48334503173828	253.0	0.5967865712382886
154.82345604161924	345.6555434662215	-18.025306263229385	25.712201992183086	-39.23733901977539	29.649389469606763	10.341310422263323	-39.23733901977539	254.0	0.5993141963993321
149.16808744246782	343.8180028189001	-15.915292515653736	26.27135845993634	-37.886375427246094	29.93352994864922	6.889455421338686	-37.886375427246094	252.0	0.5946406446151006
143.57976924399085	342.00224816739814	-28.292646384142625	31.358204807604626	-27.716487884521484	38.603009007134524	17.13530109945277	-27.716487884521484	252.0	0.5875905482721779
138.00033251013272	340.0810940333281	-40.59160356591823	29.188814274127157	-33.684669494628906	40.926281858210714	28.717670728045604	-33.684669494628906	251.0	0.5900927679100962
132.48084427531742	338.0721646074728	-55.77469380673274	29.76379859466903	-24.180105209350586	47.21440288574425	42.04165001711326	-24.180105209350586	250.0	0.5873716694932758
127.11185930706513	335.68173848861653	-61.7682623287793	25.063555811041088	-30.632896423339844	48.30207124799754	45.93919866697107	-30.632896423339844	246.0	0.58770857250026
121.61203018057249	333.57055188811574	-74.09418279571345	15.54385155517979	-23.446735382080078	40.44434789497496	63.9985466138435	-23.446735382080078	249.0	0.5891114434701713
116.17523837715741	331.26277068659124	-64.6758449890087	9.501910427840366	-49.48628234863281	33.68722224239094	56.02162336466825	-49.48628234863281	247.0	0.5906315195432024
110.88788275532072	328.7972362687399	-25.533196946304724	6.071320612254832	-59.501312255859375	16.52683702908871	20.387955711387974	-59.501312255859375	245.0	0.5833951442836808
105.43854116735454	326.59555935366734	-14.564305722795526	7.511193818312251	-47.3740348815918	12.43733804959194	10.670035426533468	-47.3740348815918	248.0	0.5877304227339344
100.03987682808969	324.3039623004805	-7.90141656479504	10.556886537198617	-35.074398040771484	12.801292133229671	3.1634090487028397	-35.074398040771484	247.0	0.5864895029088282
94.46263767840425	322.2740132606109	-9.669710667024685	11.03422457617862	-30.029521942138672	13.644336805917137	5.393467299262153	-30.029521942138672	250.0	0.5935173934877702
88.93886639511862	320.0422647966484	-6.094671696988663	12.937134118722087	-31.370384216308594	14.287291524904157	0.6227063371121163	-31.370384216308594	248.0	0.5957579239628281
83.27244314025798	318.0911588014132	-7.155452875800268	12.028659144668607	-27.13674545288086	13.716188230637705	2.7848387921267093	-27.13674545288086	251.0	0.5992926422697712
77.68062732558488	315.9446618196179	-11.94290668461047	7.988063545699649	-24.67539405822754	11.701247063977535	8.338045120722617	-24.67539405822754	249.0	0.5989645515227455
72.0791957637758	313.7944736983272	-18.83377882357102	3.0064542032917307	-29.5567626953125	9.49522134318004	16.54057929141845	-29.5567626953125	249.0	0.5999945374632232
66.53920339744647	311.5561714914036	-9.522445687065716	2.328862036986535	-34.95561599731445	5.79209717774716	7.908993648623503	-34.95561599731445	248.0	0.5975074241254783
60.93171942052794	309.51521423468057	-12.948345515673262	0.1626817166450319	-35.02671813964844	4.575109059350765	12.114226926602994	-35.02671813964844	250.0	0.5967359807751536
55.460161230467335	306.9637847486146	-3.4433256074683247	0.1333390441627374	-37.44873046875	1.572368054219895	3.0662565518583214	-37.44873046875	245.0	0.6037196489231246
50.034345806444136	304.3174377467752	-4.810099068521334	2.605729132034077	-36.478271484375	4.441618986932495	3.1935713759741815	-36.478271484375	244.0	0.6036772769428418
45.352923435333615	300.526496658008	-6.0132752060110715	7.527517756291543	-30.517349243164062	9.63446531848543	0.008961105590188173	-30.517349243164062	231.0	0.6023865018012735
40.965101554770236	296.43478655909774	-12.199484141258448	4.655461459622775	-20.998685836791992	11.698672230425535	5.800155408255872	-20.998685836791992	227.0	0.5999589351703591
37.085172006395396	291.8108665808096	-12.928440827997118	3.6294432010077657	-19.217506408691406	12.26681825715355	5.4628390090070065	-19.217506408691406	220.0	0.6036098844946495
33.131006455679405	287.26211945434426	-20.85390571105391	-3.0021583392783118	-17.29071617126465	13.702726354211432	16.004175347740496	-17.29071617126465	221.0	0.6027149046024641
29.840538372562538	282.19524293860246	-22.682524644620113	-3.543084524180548	-26.207988739013672	16.92441119566369	15.51175934184707	-26.207988739013672	213.0	0.6041557566703019
27.179783994116853	276.7398880149763	-29.642726308249554	-0.022051763057909082	-30.321081161499023	26.48278382403603	13.317427311437429	-30.321081161499023	206.0	0.6069638474007304
25.51114720229115	270.920659965639	-29.82263322795812	10.680770566405362	-32.89952850341797	31.62745734555417	-1.7810823666115574	-32.89952850341797	196.0	0.6053739656875633
24.05106872207259	265.0646050357124	-36.165366201947016	18.430737855247752	-25.547607421875	39.538938386995845	-9.181403032170008	-25.547607421875	194.0	0.6035330025004016
23.426471266455053	259.12195720578706	-32.46824624390166	28.033322461483746	-19.41181755065918	35.05157868130714	-24.72733334454603	-19.41181755065918	186.0	0.5975381595520106
22.800185475569776	253.16324593880353	-29.71980024317635	25.73460603811741	-13.216386795043945	32.33251151248975	-22.36392572260361	-13.216386795043945	186.0	0.5991533514480356
22.382644360390046	247.19212980216284	-26.949011212568536	18.74898909566292	-5.11775016784668	28.135783931135162	-16.916011942089312	-5.11775016784668	184.0	0.5985696993677211
22.068297977556547	241.1940435040239	-24.140022438213396	7.3562920767217985	-8.885396957397461	24.477883125766525	-6.139133010189669	-8.885396957397461	183.0	0.6006317747865371
21.86006637581493	235.2310706150438	-19.65564069088085	8.373180217622895	-20.786176681518555	19.938275639568978	-7.675905317705057	-20.786176681518555	182.0	0.5966607585108614
21.239360877651677	229.3254522867788	-20.09337655676542	7.463449036756921	-23.899429321289062	20.758222028759388	-5.342571588754466	-23.899429321289062	186.0	0.5938148125012482
20.92863539922912	223.3964569606382	-16.53119631798259	6.266328794807021	-27.197431564331055	16.863262476585067	-5.3082677884698795	-27.197431564331055	183.0	0.5937131959148128
20.413593456188853	217.50950061357213	-21.427474049039784	-2.629138192425954	-32.514957427978516	21.140506329195745	4.3735573509879675	-32.514957427978516	185.0	0.5909443563936652
20.310072121204193	211.57876730433588	-21.324291667986298	0.7816283421439097	-45.88111877441406	21.3360936855762	-0.3278173987266379	-45.88111877441406	181.0	0.5931636726240181
19.896075173712365	205.6583351269577	-31.532555073450425	-3.0504872706176194	-44.57204818725586	31.286509434722575	4.976125946898774	-44.57204818725586	184.0	0.5934889269351832
19.68804213890851	199.70104845110092	-33.47006626239464	10.275838845579148	-43.16941833496094	33.73148882945781	-9.38215651849639	-43.16941833496094	182.0	0.5960917905986503
19.376970407162016	193.76544621795767	-37.56911613970544	9.579141527676052	-40.521541595458984	38.07706606777851	-7.30311437648038	-40.521541595458984	183.0	0.5943747933113144
19.273105613914364	187.8150361980129	-26.24581747352547	17.23071881024557	-41.46208572387695	26.536567363454033	-16.779487421737045	-41.46208572387695	181.0	0.5951316434263557
18.754979824536164	181.89283132601054	-29.64009184839774	12.431564743853984	-34.98744201660156	30.518543122744642	-10.084511511583656	-34.98744201660156	185.0	0.594482673251183
18.547276481188202	175.94498577818993	-20.722065429617228	14.274107531425443	-39.914337158203125	21.054834699676178	-13.778536832964011	-39.914337158203125	182.0	0.5951471023164546
17.92266880489633	170.00224070504396	-18.554281655559922	4.730168802364294	-43.002952575683594	18.946783288978292	-2.766815435333706	-43.002952575683594	186.0	0.5975479374383575
17.71473865046235	164.04790013751682	-10.30461999857529	12.297381440720892	-45.561256408691406	10.773471147075949	-11.888780553814025	-45.561256408691406	182.0	0.5957970001873318
17.19747123770971	158.13550655524008	-16.443527880156733	7.490642923382025	-45.185882568359375	16.976681676505265	-6.188022285489555	-45.185882568359375	185.0	0.5934977965253367
16.885942884133886	152.19119145855683	-15.382157156828438	23.83095135920382	-42.32640838623047	16.669896152315975	-22.94862879897419	-42.32640838623047	183.0	0.5952472753716556
16.471793821527868	146.26858393369804	-22.135682626433642	21.668226958832022	-41.64021682739258	23.369178358298903	-20.33179794645976	-41.64021682739258	184.0	0.593706992880929
16.368033224472693	140.32414330962237	-24.82880912800106	29.739726922205946	-29.2716007232666	25.50354411396977	-29.163167827739287	-29.2716007232666	181.0	0.5945346129088059
15.952325658305273	134.37924814547208	-33.682799882422074	23.02662433483111	-21.585052490234375	35.06346049392827	-20.864088150874473	-21.585052490234375	184.0	0.5959411992244403
15.743781283326411	128.40731860285004	-35.11600245074472	15.692344970133282	-21.926055908203125	35.657641986803924	-14.419288703791697	-21.926055908203125	182.0	0.5975569698227693
15.221960624699888	122.44288118208749	-30.425351111542216	5.919511590287436	-25.819320678710938	30.819943925260652	-3.29752394562341	-25.819320678710938	185.0	0.598722060274733
14.908073464022456	116.45355736467846	-21.74895839327638	2.1259931866043766	-31.24616813659668	21.828848515352725	-1.019024394084072	-31.24616813659668	183.0	0.5997543241980099
14.074830691571599	110.52472697018615	-18.837202423420162	0.49850007964964876	-33.35121536254883	18.733076117793225	2.039744257323006	-33.35121536254883	188.0	0.5987096405144767
13.554329347359166	104.57536938218044	-16.944000803758605	13.003990012598262	-30.05430793762207	17.883593662736093	-11.678184670216218	-30.05430793762207	185.0	0.5972083167479167
12.822246408723155	98.61303231591911	-23.411154612080548	14.627003340829287	-26.577125549316406	25.059308518741226	-11.578533739896208	-26.577125549316406	187.0	0.6007113176955772
12.405708541400916	92.65626329206118	-28.69363263443358	24.21942185547124	-20.820322036743164	30.37915942377007	-22.068339798867335	-20.820322036743164	184.0	0.5971314846707272
11.67179903036649	86.67904998741137	-37.09838743653697	25.5551131784303	-20.453882217407227	39.778824020108374	-21.14235841932104	-20.453882217407227	187.0	0.6022101133298029
11.357511026861273	80.6820776332151	-42.509836638344524	26.739709549555858	-17.292816162109375	43.82995615133632	-24.515978903263942	-17.292816162109375	183.0	0.6005202275206204
11.148067688516008	74.68440514794068	-44.858869007314	14.074109029114606	-26.542949676513672	45.258257263029776	-12.73141088380133	-26.542949676513672	182.0	0.600132833234402
10.73315463833807	68.75087209179158	-46.651514890874324	8.654157715199362	-25.44052505493164	47.162243662298096	-5.19432961132007	-25.44052505493164	184.0	0.5948022139133485
10.42345060665007	62.84136713041232	-36.04968110339014	18.824644988364735	-29.777311325073242	37.01037032999472	-16.85761711010001	-29.777311325073242	183.0	0.5917614846862695
10.216665896987227	56.91982780947297	-33.59954208992977	18.601732979233336	-28.25124740600586	34.14875617347472	-17.573165630819943	-28.25124740600586	182.0	0.592514876147268
10.31962618289197	51.02123698049821	-25.668735059815763	28.675970109080154	-24.021955490112305	25.37012358723976	-28.940491537568164	-24.021955490112305	179.0	0.589948934977755
9.90390149401974	45.07609695026102	-18.532865621624524	28.303457434303194	-14.928630828857422	20.356363522384314	-27.021681572935947	-14.928630828857422	184.0	0.5959657456269328
9.80097612239889	39.179506359270704	-16.95179905110599	22.118253668200193	-6.473643779754639	17.350868048877555	-21.806604833177698	-6.473643779754639	181.0	0.5897488807100766
9.494010281316942	33.322249187122566	-15.559710308254335	15.058101262546748	-9.200294494628906	16.39721203232386	-14.141514631641185	-9.200294494628906	183.0	0.5865295355587127
9.291505050205823	27.523258097909178	-14.530293379725451	13.305070677662066	-11.071479797363281	14.902426644265876	-12.886893013862991	-11.071479797363281	182.0	0.5802525831170735
8.68169477190464	21.721300862220822	-16.65134389529798	9.492880469335361	-9.480463027954102	17.486650596319794	-7.848508396300192	-9.480463027954102	186.0	0.5833916038158092
8.580560006301369	15.927294021273458	-18.316208446865623	5.90275545505418	-7.351322174072266	18.322474252717907	-5.8832772405941265	-7.351322174072266	181.0	0.5794889430675835
7.974302272530698	10.159136988988251	-13.890858856774011	5.9649317519143965	-14.669191360473633	14.423467951716889	-4.527686255650819	-14.669191360473633	186.0	0.5799929653785295
7.567980753738874	4.348468555826029	-2.877684102087859	6.431601833154546	-24.44182777404785	3.250953651727774	-6.251229341974583	-24.44182777404785	184.0	0.5824857493259489
