0.0	0.0	-2.3906380680444634	10.930712474002654	-17.661968231201172	-2.7548525365076526	10.844649052126949	-17.661968231201172	1.8567860720943372	0.0
0.6455565154342258	6.142059963639191	-10.429580155209282	10.44041078271562	-8.014663696289062	-11.46998805003167	9.285348332610388	-8.014663696289062	6.0	0.6175892147014798
1.828714452875093	12.228879882227755	-8.231611344506224	9.960726916656416	-9.141077041625977	-10.092368429942205	8.069671957986467	-9.141077041625977	11.0	0.6200745070252107
2.806159153657973	18.40022284230676	-8.024010630086572	12.015701785135825	-8.323493003845215	-9.704950676768986	10.704007116147661	-8.323493003845215	9.0	0.6248269526357295
4.109038714582152	24.52978925365472	-9.605986451796346	16.760321466076363	-4.598895072937012	-12.761270916350247	14.50287267950141	-4.598895072937012	12.0	0.6266504571242175
5.082822700630285	30.67801937053242	-13.197731977623672	26.23447267227956	-12.53062629699707	-17.105782502306354	23.870900501019296	-12.53062629699707	9.0	0.622486857865817
6.062859515241265	36.8657282932198	-16.081218941095965	31.20426323356258	-20.12686538696289	-20.854021585912193	28.23865135368963	-20.12686538696289	9.0	0.6264839492748228
6.717771310438379	43.09679779809433	-26.269949805944563	20.376403712960887	-29.192264556884766	-28.277942159709603	17.483308562527032	-29.192264556884766	6.0	0.6265391977687074
7.266192166295523	49.36527686446663	-29.48133246395305	14.13471404826344	-33.153377532958984	-30.496152368352334	11.786593901655657	-33.153377532958984	5.0	0.6292423638049713
7.707697629189021	55.67909913982166	-41.131063661531996	10.619525062256345	-25.907854080200195	-41.69986252029134	8.103096708400452	-25.907854080200195	4.0	0.632923998585408
8.483362945675484	61.99638618945197	-43.20038156469354	14.060476996977645	-23.451705932617188	-44.63686881703526	8.45694524804533	-23.451705932617188	7.0	0.6364728772746473
9.149823656255897	68.33733628433417	-44.0407181797328	18.695091587116913	-14.039268493652344	-45.76812396273523	13.94166905965844	-14.039268493652344	6.0	0.6375877820703122
10.144592919317812	74.61806222574351	-34.877718280771276	29.596973355528323	-14.880090713500977	-38.91457150159851	24.04354776499669	-14.880090713500977	9.0	0.635901598030899
10.806185260917784	80.91269288384818	-26.156619071752587	26.3631817138349	-23.047325134277344	-28.585162800316567	23.70811124954597	-23.047325134277344	6.0	0.6329303243518585
11.807702906767659	87.23602643730662	-18.56262836528797	24.8610192620822	-20.264511108398438	-22.170186043978557	21.705397977295743	-20.264511108398438	9.0	0.6402154701601794
12.372615845561452	93.69301087422629	-11.551485648042378	17.68638721765873	-23.832088470458984	-13.050304429673794	16.611281340785478	-23.832088470458984	5.0	0.6481649068488629
13.502984770527814	100.10365160784883	-11.618377789000565	9.88067638404707	-30.49811553955078	-13.239851547822395	7.571050075506839	-30.49811553955078	10.0	0.6509535200159088
14.075315520301496	106.64542201224064	-15.196448542591524	-1.8598145940665698	-31.969602584838867	-15.012767917920842	-3.001292733903469	-31.969602584838867	5.0	0.6566758904582463
15.224654513861037	113.16364735099259	-20.583810220188457	0.8460630444387578	-29.347888946533203	-20.43128275309719	-2.6404073395772008	-29.347888946533203	10.0	0.6618779471236695
15.92118087850593	119.79065303619885	-25.53807973739491	10.835743596528788	-21.805795669555664	-26.44257225599242	8.390305623150734	-21.805795669555664	6.0	0.6663509085189385
16.96182641863564	126.3610303914326	-25.490816691636528	21.99111095678444	-18.993228912353516	-28.696466484740235	17.60407646002483	-18.993228912353516	9.0	0.6652277935441394
17.546777951996475	133.0470570123274	-19.23108413953801	27.31426698675559	-28.77347183227539	-21.602600339690408	25.480020344759627	-28.77347183227539	5.0	0.6711566156397111
18.60068745788465	139.70117975145928	-15.46026325148452	28.092313045414382	-38.05979537963867	-19.84872962297898	25.183838555721376	-38.05979537963867	9.0	0.6737067216083974
19.305965803695347	146.41145497517348	-15.528855220171014	14.798062263248621	-45.27474594116211	-17.0059991173147	13.07379000970671	-45.27474594116211	6.0	0.6747237295594573
20.46257301305149	152.97090041403376	-8.157663037148295	11.21573674134455	-46.18730163574219	-9.92440394567937	9.68743635859278	-46.18730163574219	10.0	0.6660635457831292
21.271916536212046	159.56247444589084	-9.272466011874403	8.486506415737775	-45.164546966552734	-10.18379668732972	7.368154593713179	-45.164546966552734	7.0	0.6641075602335389
22.308253379111417	166.1056477574603	-11.930870611109047	8.708022414581027	-40.10602569580078	-13.178695582938204	6.670630453271734	-40.10602569580078	9.0	0.6624734789950875
22.882323774290963	172.6673023998294	-19.80878875276857	7.785330559968235	-35.236900329589844	-20.409396995840712	6.037880260981824	-35.236900329589844	5.0	0.6586719097118507
23.79403769904437	179.15448405549586	-19.455428851967792	17.686159033607776	-34.55465316772461	-21.836242850892614	14.645560123562628	-34.55465316772461	8.0	0.6550934903828984
24.47867613058729	185.6683836125625	-27.543474405314477	10.095086540683626	-38.49753189086914	-28.429914800115817	7.231438241336294	-38.49753189086914	6.0	0.6549779936875635
25.390827828362028	192.15868018513024	-29.678236663738037	11.958073876181926	-39.6614990234375	-31.122815699132634	7.427220560538955	-39.6614990234375	8.0	0.6554080432801985
26.188515057469615	198.65532132015358	-31.73844089418113	1.2523066450049325	-38.63030242919922	-31.675374523509547	-2.3595658757396505	-38.63030242919922	7.0	0.6545429776016142
27.324533988001825	205.09800482762245	-22.811290618348746	1.1131721884653798	-41.197975158691406	-22.627304945462647	-3.0982580429944893	-41.197975158691406	10.0	0.6542072285441296
28.124236581561338	211.61105978892087	-18.404425865178467	-3.7674545104587778	-29.318496704101562	-17.851759915594265	-5.850749766586176	-29.318496704101562	7.0	0.6561966867261664
29.27538287533204	218.13953483650295	-11.237351346990463	6.95907108495402	-25.88673973083496	-12.258201670770951	4.94400924957263	-25.88673973083496	10.0	0.6629187298346899
30.08211738003293	224.7098601181875	-14.915155872459618	6.05064406732165	-21.250545501708984	-15.503914605674352	4.32444218705012	-21.250545501708984	7.0	0.6619667277757855
30.889626216668614	231.28649182739926	-12.547209744374705	7.03116303141461	-16.064565658569336	-13.36177577693599	5.3228445431507465	-16.064565658569336	7.0	0.6626021065455063
31.585410918075205	237.90644105825402	-16.858811191848623	10.956561219388187	-6.041248321533203	-17.805750335822466	9.339218571966267	-6.041248321533203	6.0	0.6656413761914595
32.85252382055582	244.42517182939844	-19.704987697352042	23.458403426854968	-4.375655174255371	-23.995814028915987	19.046893200192912	-4.375655174255371	11.0	0.664073986648311
34.23218572964443	250.91597078779725	-25.158715946113713	28.6766704483863	-14.89360523223877	-30.14046234181566	23.385143700310685	-14.89360523223877	12.0	0.6635807268278764
36.92427191022796	256.9624953479072	-25.8971989317162	24.484656118670628	-23.878402709960938	-33.665306832757935	11.696598377934494	-23.878402709960938	24.0	0.6618745142374174
40.23526062090048	262.697296018079	-29.47994424013068	9.597452576070438	-28.92286491394043	-30.375051720678638	-6.2076115630114215	-28.92286491394043	30.0	0.6621977421345056
44.67139587419781	267.624123347866	-23.269590911246574	4.422208418103005	-32.991947174072266	-20.139851875522144	-12.466601577893533	-32.991947174072266	42.0	0.6629700108080556
49.59198372570186	272.05464054968303	-20.68536670077363	-5.795824795452535	-26.854087829589844	-9.604975677914492	-19.215109232885666	-26.854087829589844	48.0	0.6621304061887366
55.40472751662579	275.145331247149	-15.65383793720545	-7.152618140228443	-25.85175132751465	-0.9806234104814642	-17.182577401281605	-25.85175132751465	62.0	0.6583339529929119
61.65973329700627	277.1777058252453	-13.669714987873245	-4.442673313380871	-22.68012046813965	-0.06394874339925484	-14.373390851755566	-22.68012046813965	72.0	0.6576902290462079
68.0293829532407	278.765837852845	-3.7845046639199063	-0.8310265836468115	-25.37792205810547	-0.07442959401353026	-3.8739567588570467	-25.37792205810547	76.0	0.6564647749899097
74.34333356666153	280.4576558207611	-4.667277119747177	1.4282398369387959	-33.420772552490234	-2.6289005154988354	-4.112447789813801	-33.420772552490234	75.0	0.6536682674360209
80.7239293456912	281.9307324265691	-1.3380440278651593	-6.636723130605285	-43.779388427734375	6.160012629951954	-2.809039005006738	-43.779388427734375	77.0	0.6548431658187333
87.0474285724924	283.5073578597678	-12.813167029446408	-5.522551793436842	-49.98231506347656	2.2481649235452865	-13.770315251010981	-49.98231506347656	76.0	0.6517084488324844
93.36641489839883	285.08285810039945	-19.80852087011092	-7.2581526217756425	-46.3009033203125	2.2121925522436894	-20.980097298497117	-46.3009033203125	76.0	0.6512433431154812
99.28697491113863	287.71886125116185	-31.824568434910184	0.5221273826758738	-26.702899932861328	-13.543158926046635	-28.8037952252106	-26.702899932861328	66.0	0.648085977901721
104.92836006234296	290.84593210320566	-24.75754853086335	9.355291460905686	-16.5106201171875	-19.975966982745287	-17.36140635665265	-16.5106201171875	61.0	0.6450100661069612
110.07032046702517	294.72067719162214	-14.376729099051675	17.69570275179008	-14.807271003723145	-22.784905747369766	-0.8223779853001544	-14.807271003723145	53.0	0.6438431975530017
114.42963420097793	299.3954688370939	-9.24200067471958	19.94322380410531	-23.146825790405273	-20.517105831441757	7.886388303499164	-23.146825790405273	43.0	0.6391970991767877
117.19858051230968	305.0726500963442	-7.653797445871199	16.489291587844516	-29.24639892578125	-14.116856698647231	11.453894942823739	-29.24639892578125	26.0	0.6316442885471252
119.34171912620995	310.96087504479647	-5.64684174858321	7.003518172316591	-28.532806396484375	-7.711331427436512	4.633730261866887	-28.532806396484375	20.0	0.626611810948103
120.31590625425765	317.1116505000846	-6.465671431270408	1.296423017693805	-28.585805892944336	-6.5899734653696695	0.24056064448763362	-28.585805892944336	9.0	0.6227445645032058
121.1782969284153	323.2478789918524	-1.2293878606724726	-1.7637670873055644	-28.407196044921875	-0.9624006483466147	-1.9225123776697015	-28.407196044921875	8.0	0.6196532722261517
121.50236973972812	329.4315566012886	-10.05010461678942	-12.587081588057327	-18.382587432861328	-9.348407134347443	-13.116650096854212	-18.382587432861328	3.0	0.6192163754655955
122.14861941937326	335.580211581857	-8.524728429901206	-18.576183413324088	-14.34646987915039	-6.456265680255002	-19.392323699726763	-14.34646987915039	6.0	0.6182523491140941
122.36404031260837	341.7490588429695	-10.385191834956562	-17.877681150227055	1.87931227684021	-9.936246994683408	-18.131042121694968	1.87931227684021	2.0	0.6172607446790825
122.79422508673838	347.90098772652186	-13.745972083088535	-3.94260808598021	7.155254364013672	-13.485642901911275	-4.757451266257588	7.155254364013672	4.0	0.6166951266888625
123.11876492491739	354.0935767394286	-19.29083899947143	11.30272447870585	-4.756377220153809	-19.872644773993	10.245293535655918	-4.756377220153809	3.0	0.6201087387655364
123.88466892569477	360.3313642523314	-24.602557646672086	7.588406936779763	-17.40212059020996	-25.3401466541929	4.554857861666675	-17.40212059020996	7.0	0.6284632208374058
124.21729950920546	366.6783338828177	-27.322259167583955	1.8468949157246806	-17.465335845947266	-27.37984843895897	0.5106528272626821	-17.465335845947266	3.0	0.6355679868857633
124.88660824100032	373.0463810895075	-22.113671055720804	1.3954438674934568	-17.156511306762695	-22.139866732909542	-0.887700510845059	-17.156511306762695	6.0	0.6403124190977947
125.4473525953163	379.45571838781746	-11.99490376488743	5.005303203236673	-19.86614227294922	-12.358410810453373	4.024979344706151	-19.86614227294922	5.0	0.6433819925549983
126.34709009013508	385.85768331654475	-6.646094189737688	4.945580143087418	-22.791654586791992	-7.284248657878624	3.9457638577034837	-22.791654586791992	8.0	0.6464880703326036
127.136954332027	392.2906113335821	-9.545312998902821	5.368612333572161	-21.391891479492188	-10.09223322316553	4.252273180834007	-21.391891479492188	7.0	0.6481238183634651
128.26498227808003	398.68797571605336	-17.874563865088213	13.456000752066968	-14.60854434967041	-19.918063995320352	10.189932104045988	-14.60854434967041	10.0	0.649605403989136
128.83359182394935	405.18721256518927	-25.554989560029785	23.58511069530458	-20.79856300354004	-27.682557245972394	21.04735048043965	-20.79856300354004	5.0	0.652406287805532
129.74414343461467	411.6661239263856	-25.250160264815605	25.461237864695605	-29.639923095703125	-28.706224507362293	21.489483510182243	-29.639923095703125	8.0	0.6542583332440142
130.42565251679247	418.150249713088	-28.50475604207275	20.649023048689088	-29.817893981933594	-30.365274738369425	17.800375275446292	-29.817893981933594	6.0	0.6519842164260565
131.33199569503077	424.59921652161427	-22.595973035638025	24.162432964685784	-28.04463768005371	-25.734659628569897	20.787699680384787	-28.04463768005371	8.0	0.6512344497507223
132.01622821000421	431.10925404050107	-17.63055835747836	21.29031783441227	-26.000640869140625	-19.601352935260596	19.491053963141503	-26.000640869140625	6.0	0.6545896625509813
132.93474917795493	437.64487032523255	-13.853188090130358	25.46353555788679	-20.373924255371094	-17.318507281997043	23.245897893858817	-20.373924255371094	8.0	0.659984552772355
133.63044451118898	444.2639692747231	-21.15429838969328	28.09603094349804	-28.09032440185547	-23.636183799531096	26.0426978351507	-28.09032440185547	6.0	0.6655558796962928
134.6735058367258	450.84959929873014	-22.81557069460497	22.570597382910105	-34.58185577392578	-26.01019151334709	18.80032100207208	-34.58185577392578	9.0	0.6667720730649576
135.25806179867814	457.5311045177363	-26.603156611343735	7.010281965879744	-34.135929107666016	-27.103192598394873	4.721117018580867	-34.135929107666016	5.0	0.6707027483487776
136.077450314687	464.2044884512165	-18.801062556931583	-1.3138143149023647	-30.277040481567383	-18.498748699908212	-3.6058782371762685	-30.277040481567383	7.0	0.6723499882040517
136.6599609381733	470.86261534457884	-10.023034609955708	-3.11490559916543	-22.102807998657227	-9.745977660935747	-3.8961236013021345	-22.102807998657227	5.0	0.6683559856438006
137.125212105683	477.5160170166809	-4.669287313027618	4.343244561866663	-17.14928436279297	-4.9828636889700695	3.9795837461886125	-17.14928436279297	4.0	0.6669648600878437
138.05780667319567	484.15177216562057	0.8959796259698584	3.341515328687539	-5.061886310577393	0.4423795958977793	3.431152062374998	-5.061886310577393	8.0	0.6700968513881675
138.76120612218372	490.8441708801921	4.297652170959001	20.170789041697038	5.565019130706787	2.4189580521419978	20.481191046645	5.565019130706787	6.0	0.6729262317641922
139.93548016230395	497.503809895175	4.436458064330933	37.350626796577664	-1.001265287399292	-2.54264309473068	37.52714282151801	-1.001265287399292	10.0	0.6762374681366161
140.6454361171483	504.25858959600987	-4.384414612797457	39.05668951540225	-19.029848098754883	-8.117444021195075	38.45458607191356	-19.029848098754883	6.0	0.679198691581707
141.8317498350102	510.9865090164832	-10.886919878260931	37.2879680006078	-21.903715133666992	-17.322027280380325	34.76873527967021	-21.903715133666992	10.0	0.6831708422171542
142.5526239207251	517.8451677935791	-25.47188810477936	28.605944294024816	-33.67692184448242	-27.97360242770025	26.164760648479355	-33.67692184448242	6.0	0.6896438187070937
143.62998535690483	524.6473601931114	-25.01825910576927	21.426421227505745	-44.74192428588867	-28.011489873280762	17.330933338427137	-44.74192428588867	9.0	0.688698258342658
143.98992186407057	531.5153578852443	-24.78495260772987	7.4777080340507345	-55.19255065917969	-25.094544067626806	6.361906258965067	-55.19255065917969	3.0	0.6877422961279442
144.95465068347647	538.3797601171565	-23.36054710105969	-6.874815357560042	-50.505775451660156	-22.143033392211553	-10.132340265347187	-50.505775451660156	8.0	0.693186264264326
145.44098785996482	545.334705766348	-26.61721408866119	-12.25703592090348	-24.622093200683594	-25.72397896804145	-14.035238560840456	-24.622093200683594	4.0	0.6971928917626835
146.4079586576272	552.2150605024646	-25.352322946169636	1.7390167001093622	-18.67793083190918	-25.351033974019018	-1.757707113904979	-18.67793083190918	8.0	0.694797192123956
147.01051213042075	559.1022782117051	-25.696094743779412	4.60626079367911	-14.59782886505127	-26.00207595285807	2.3235683167217687	-14.59782886505127	5.0	0.6913525762015542
148.08138083217278	565.86347709941	-26.733798242014892	11.318545922056495	-13.319103240966797	-28.14974137390164	7.099120425581642	-13.319103240966797	9.0	0.6845478082317932
148.7905492979965	572.6107643426989	-22.947716936613126	8.57071751698524	-13.211458206176758	-23.71535797414766	6.134876324499908	-13.211458206176758	6.0	0.6784453187720274
149.94895113292853	579.1803876089606	-17.651224563110148	5.498376381632064	-13.072587013244629	-18.34359693913759	2.304413753190691	-13.072587013244629	10.0	0.6670970294625931
150.64190960748877	585.773447087569	-12.00073477733552	2.4761879663982365	-12.274054527282715	-12.177794317752147	1.3603189315043573	-12.274054527282715	6.0	0.6629375893395479
151.78878916497106	592.2777242712095	-10.209598418647825	-0.36556987422921466	-11.473727226257324	-9.982026506742471	-2.1745546720399624	-11.473727226257324	10.0	0.6604616143349833
152.59217495334767	598.8207764470602	-9.588826037494005	1.3441671788325669	-7.440162658691406	-9.678715612982296	0.273558522050439	-7.440162658691406	7.0	0.659218935565941
153.84638520540813	605.273128836169	-10.617715760864105	12.992706590880607	-10.580039978027344	-13.015988151874376	10.58916261870976	-10.580039978027344	11.0	0.6573119100519289
154.8726715044758	611.7528455113977	-13.57442726332157	23.627198759360624	-28.678762435913086	-17.03036805972513	21.271487030572974	-28.678762435913086	9.0	0.6560487158656098
156.2349128478897	618.1616871519992	-13.745974595372205	29.166887385385927	-49.122188568115234	-19.57210889000527	25.624045171014263	-49.122188568115234	12.0	0.6552018975248279
157.48561265353985	624.59597985993	-24.63976274455253	17.864399811071706	-66.2470932006836	-27.55064370995198	12.931230408779397	-66.2470932006836	11.0	0.6554721401797722
159.29571778689865	630.9085666468761	-19.182206579353824	18.17306903215122	-70.34013366699219	-23.383283620016037	12.306077134742349	-70.34013366699219	16.0	0.6566980473287394
160.4301875153584	637.3424641927966	-32.04619107979122	16.38159869766602	-63.71929931640625	-34.29303256071254	10.922593849620744	-63.71929931640625	10.0	0.6533150786273975
161.56877680233646	643.7997249160468	-38.59406144137909	32.79721249132777	-71.6198959350586	-43.711456905561796	25.582557748111586	-71.6198959350586	10.0	0.6556874378272823
162.701492079667	650.2236724751747	-45.79064096648342	26.88721553994652	-87.98665618896484	-49.54111715544939	19.114990729868794	-87.98665618896484	10.0	0.6523047304896892
164.28220871863846	656.5635806320843	-34.38331357272874	8.876309976058174	-88.8830795288086	-35.507865243466654	0.43890418484554183	-88.8830795288086	14.0	0.6533995755337669
166.51819981791039	662.7069156874354	-24.05988087007136	-12.795581001491312	-70.30166625976562	-18.666803628658442	-19.853342361850693	-70.30166625976562	20.0	0.6537600614776726
170.65061309713607	667.8100210955789	-7.689798694279424	-6.01047946903945	-52.85063934326172	-2.200753811229179	-9.508709169421817	-52.85063934326172	39.0	0.6566469699689798
175.80311405062452	671.8355960311015	-11.225744418444545	5.865840971986224	-46.91191864013672	-11.601247076334985	-5.082961177374867	-46.91191864013672	52.0	0.6538617563155664
181.77895364794543	674.4962112386314	-13.734629244232963	16.167631912458294	-42.800655364990234	-20.40493950685266	-5.802655069445598	-42.800655364990234	66.0	0.6541370817760429
187.95645480918049	676.6232954695736	-26.799560223837258	27.56244280289542	-28.553625106811523	-35.00031927621405	-15.902274429057025	-28.553625106811523	71.0	0.6533452986176871
194.376699062916	677.8712645323543	-30.654732476669334	31.759892207310536	-19.546634674072266	-36.98915730708176	-24.08745768959668	-19.546634674072266	79.0	0.6540410006970654
200.7709763188943	679.3474997559973	-26.79677553099485	35.23887029585042	-2.0824027061462402	-40.583343813762234	-17.687209035918013	-2.0824027061462402	77.0	0.6562473014180383
207.27822306208463	679.9168100767924	-18.101273522527602	31.626407468059437	-1.0337369441986084	-33.13490709637124	-15.164553543969944	-1.0337369441986084	85.0	0.6532103368603805
213.7462738545922	680.7109868532482	-12.360608190697317	23.74027934767482	-3.9367713928222656	-25.132115813180146	-9.206641792883541	-3.9367713928222656	83.0	0.6516624725018259
220.24994193799887	680.9380999472397	-11.449465113391556	15.140077140485689	-9.699660301208496	-15.474542101530412	-10.993213085835752	-9.699660301208496	88.0	0.6507632357208345
226.76208530450515	681.1655090046387	-15.847803470524507	12.897200225907005	-11.664621353149414	-13.648684383730155	-15.205395854788685	-11.664621353149414	88.0	0.6516112806368445
233.2114770113864	680.8275107075546	-16.28150592388242	8.916602503515534	-26.571643829345703	-7.946805162479606	-16.776218974033014	-26.571643829345703	93.0	0.6458242503779207
239.66721158488338	680.6020714886135	-31.081467434768946	5.206271647108168	-31.535091400146484	-4.119390458107353	-31.244095516044933	-31.535091400146484	92.0	0.6459669629700978
246.08710754919395	679.6998139510869	-42.72317426750553	-3.3831454870211117	-28.83761978149414	9.264479172451589	-41.84357439967585	-28.83761978149414	98.0	0.648298795746182
252.50487745323454	678.9118108914433	-49.10039871886037	-7.825714514377279	-16.863527297973633	13.00005154976429	-47.99051595591645	-16.863527297973633	97.0	0.6465966235854992
258.7840747039635	677.3462311814607	-46.727223206156154	-7.959501553824543	-14.344705581665039	19.102115919713857	-43.380827803686365	-14.344705581665039	104.0	0.6471426267977638
264.97286550390834	675.4541279527884	-43.40320190678446	-6.351917293071299	-4.980065822601318	18.484869164863827	-39.78057818857065	-4.980065822601318	107.0	0.6471567522125854
270.8957517474596	672.6922407390396	-38.062899430975996	-4.864927353561272	-3.466804027557373	20.60504332104585	-32.37103676105919	-3.466804027557373	115.0	0.6535181897661174
276.73873359948	669.715092784501	-33.807346425343404	-5.624694801387221	-2.7926878929138184	20.0454609331013	-27.79844168135044	-2.7926878929138184	117.0	0.6557731838543907
281.6110698959618	665.3280214779696	-33.42126862443624	-6.991304547845773	-3.5349597930908203	27.548188595856946	-20.173171313270316	-3.5349597930908203	132.0	0.6556375190195052
286.2591625635933	660.6799288103382	-28.639615887759863	-14.986532028059012	-3.6030898094177246	30.760203856557784	-9.931444966845122	-3.6030898094177246	135.0	0.6573395689731358
289.77242424979187	655.0575348243576	-23.688628957031646	-20.204568714355354	-9.62769889831543	30.80655814177686	4.509070220605035	-9.62769889831543	148.0	0.6629805563461211
292.79840705660854	649.1187091782213	-26.611685854252872	-14.43575641125362	-19.433921813964844	30.274505247732364	0.16498234911000115	-19.433921813964844	153.0	0.6665299843394645
294.51961337532197	642.6950797464742	-32.10755844803736	-4.276185264943087	-18.215391159057617	32.10308183993362	-4.309664290031817	-18.215391159057617	165.0	0.6650230542468852
295.7909248142503	636.1547493777867	-28.959002074120768	4.441671463519076	-13.725427627563477	27.43938062972234	-10.268039597507856	-13.725427627563477	169.0	0.6662743737104526
296.3739589001193	629.4906392820113	-15.75921962812552	9.393641908068084	-21.938579559326172	14.801999630430998	-10.839479624282253	-21.938579559326172	175.0	0.6689565913712284
296.95868793183354	622.8071558665745	-2.491311056684419	25.845539810894902	-22.855243682861328	0.1920481735661189	-25.964623555845	-22.855243682861328	175.0	0.6709013236307536
297.3078951483751	616.1438852354032	-3.0137502513349	22.110977414753748	-16.084896087646484	1.9198787371290054	-22.23268041527812	-16.084896087646484	177.0	0.6672414943955001
297.5415924725525	609.4516694687201	-2.3488935650821956	11.260211443190451	-21.987794876098633	1.9495254263362176	-11.336181603057986	-21.987794876098633	178.0	0.6696294968650166
296.7223826432216	602.7797408214469	-1.568675658305232	15.478716069554894	-34.56377410888672	3.4042736226746073	-15.180985329840027	-34.56377410888672	187.0	0.6722033666888071
296.4874098825141	596.051001331241	-0.33060188584701883	30.10459238962748	-32.147037506103516	1.5856000396469936	-30.0646246121054	-32.147037506103516	182.0	0.6732840955000408
295.55058809487775	589.3851679482233	-10.207913299748192	35.114979695797274	-21.63521385192871	15.055796999973678	-33.32545978177967	-21.63521385192871	188.0	0.6731342343986336
294.4956187836289	582.7243538613903	-22.210285500202513	25.910155808647893	-10.986526489257812	25.808167794381443	-22.32871315427668	-10.986526489257812	189.0	0.674384197227585
292.7446976552109	576.1898272500886	-35.551396591066634	10.579691365403905	-20.224411010742188	37.07017192184274	-1.2782889530649337	-20.224411010742188	195.0	0.6765039750936501
290.52574421766946	569.7455185397245	-36.86504187083932	22.754891083161134	-52.46278762817383	42.15055406693385	-10.007355904321024	-52.46278762817383	199.0	0.6815634168032499
287.864792269405	563.4767085970623	-44.00065858614972	46.215290513121914	-52.37513732910156	58.3613089153341	-25.80443091633899	-52.37513732910156	203.0	0.6810186735192623
285.98214958543656	556.9111533083993	-39.89374888165113	58.54328301419429	-31.611469268798828	54.765419631230145	-44.939692906467016	-31.611469268798828	196.0	0.6830143462914214
284.3200530115012	550.2448480599642	-38.59788790003311	45.063756175057456	-10.485486030578613	48.72169025098527	-33.86349022229691	-10.485486030578613	194.0	0.6870385046444073
283.0122857700119	543.5169688458058	-34.317966439472634	26.078554698611732	-18.50585174560547	38.788929875301385	-18.794487352364943	-18.50585174560547	191.0	0.6853802877105375
281.4713146271706	536.8422895176208	-34.89379712009997	17.745605044774457	-24.33065414428711	38.018730460724036	-9.33057929705525	-24.33065414428711	193.0	0.6850250812719941
280.5190017988812	530.0662316529723	-26.719365184548895	24.64631963089185	-31.271169662475586	29.97812889523435	-20.559118053897254	-31.271169662475586	188.0	0.6842650064703658
279.4512572807494	523.3247580843316	-24.338883102422766	26.675156544003958	-27.215869903564453	28.35950264385666	-22.35360859265467	-27.215869903564453	189.0	0.6825506884670275
278.61758925623	516.5350768867205	-21.470125730576854	22.529757036448846	-22.15085792541504	23.8729593721107	-19.965922513766962	-22.15085792541504	187.0	0.6840670518326398
277.5511510860622	509.8018512745162	-24.894923239124427	8.883179102438966	-24.620223999023438	25.965589767577697	-4.9453232523031625	-24.620223999023438	189.0	0.6817156116419418
276.7251918678404	503.0749532659388	-32.691142060652325	7.983110774152006	-40.467010498046875	33.373152085605334	-4.321289938570427	-40.467010498046875	187.0	0.6777415838501275
275.5502162305535	496.41133529569976	-31.000056706989533	19.466076323102676	-52.96418762207031	33.94424835412253	-13.701081961913648	-52.96418762207031	190.0	0.6766415018420776
274.84626070878585	489.71364590204035	-21.600713380850177	31.22690172750283	-51.234901428222656	24.69921922330931	-28.838494756482472	-51.234901428222656	186.0	0.6734582139269272
273.9094500531257	483.04789172714925	-26.831376582461843	27.59703963099788	-41.856346130371094	30.47611519471067	-23.510120551444967	-41.856346130371094	188.0	0.6731262357436146
273.4390189417574	476.3204134066972	-25.2808684678547	21.786081568903253	-46.42655944824219	26.77806678753764	-19.917098175639183	-46.42655944824219	184.0	0.6743906136853882
272.61561331623136	469.61431274166995	-34.3072661817692	18.70006952408701	-45.01899337768555	36.20020712330544	-14.704629111345815	-45.01899337768555	187.0	0.6756462310531035
272.1436381761401	462.86475378175976	-36.03692965574293	20.87298813048689	-37.62876892089844	37.25586973758189	-18.610268740798464	-37.62876892089844	184.0	0.6766040694983143
271.07789774671204	456.13593353120814	-44.658731143056634	2.1787902086151782	-40.080570220947266	44.430442193260696	5.008512812431784	-40.080570220947266	189.0	0.6812695841379635
270.7200772419384	449.30831156995	-46.38447757934156	4.2799332362359666	-50.798683166503906	46.55163202385802	-1.6682759754887133	-50.798683166503906	183.0	0.6836991820932006
269.6479597768522	442.5392283008524	-44.91344731099009	9.40207551344616	-50.73202896118164	45.812821611033016	-2.6080930492013357	-50.73202896118164	189.0	0.6853460743516308
269.2879447662261	435.669732673462	-39.04021570720842	14.996233195178045	-35.83289337158203	39.73407886687292	-13.04716172623936	-35.83289337158203	183.0	0.6878922952222392
268.21469199836577	428.89348138475475	-30.40732595627196	5.548102909022491	-25.932544708251953	30.90187155270171	-0.6791555347627422	-25.932544708251953	189.0	0.6860718113392151
267.37469999125716	422.0522954821324	-15.206796923163301	0.043255974533261764	-32.703975677490234	15.098382108271728	1.8131192609097249	-32.703975677490234	187.0	0.6892562014682576
265.93863435240144	415.2961378383843	-6.006363195254506	5.936466780278983	-36.21806335449219	7.057764932199679	-4.637455210401098	-36.21806335449219	192.0	0.6907094224511345
264.8591361260475	408.4804542766528	-6.245791979922339	20.00904853632449	-30.874601364135742	9.263166057585535	-18.803342664937173	-30.874601364135742	189.0	0.6900641914659722
263.4237335589974	401.7274161404864	-14.616490166204287	33.23390721996989	-25.37925910949707	21.439602637088264	-29.299792023972994	-25.37925910949707	192.0	0.6903905025274559
262.34440140855827	394.9127811408137	-20.219033203916993	40.85183247841908	-7.338724613189697	26.214167473778044	-37.28939452716591	-7.338724613189697	189.0	0.6899580282142966
260.7994512153847	388.2208666521118	-23.576436526922127	29.827988595746483	5.336386680603027	29.69832051362754	-23.73956658504573	5.336386680603027	193.0	0.6867939328756887
259.72772644114286	381.4542627354275	-24.982501543165863	11.549176370306043	2.8313987255096436	26.416210330835924	-7.726104448152224	2.8313987255096436	189.0	0.6850950485663344
258.1855600250846	374.77440611014	-22.683842087489428	5.7161017317822225	-6.584031105041504	23.391257005906393	-0.28214631288637526	-6.584031105041504	193.0	0.6855564294003511
256.8754419041769	368.0344326698289	-21.58071175441886	4.705415456551445	-11.699091911315918	22.074335607248322	-0.7692606480475945	-11.699091911315918	191.0	0.6866123467199612
254.52958424055004	361.58924170975945	-21.434408585841158	-1.7013949599105533	-15.659470558166504	19.572930850032485	8.901067024477282	-15.659470558166504	200.0	0.6858828959068581
250.91598894885274	355.8062803904761	-11.582001188700337	8.540165832663721	-29.130512237548828	14.312041042928724	-1.497553060821727	-29.130512237548828	212.0	0.6819143095177326
245.44804083749915	351.83358354665114	-9.702891039861518	14.69584817824341	-27.494810104370117	17.590527861317682	-0.829082486614829	-27.494810104370117	234.0	0.6758755563074625
239.23427555029707	349.19599666839645	-3.8542003884178406	18.728496049442313	-20.199806213378906	18.736492120652994	-3.8151393055516056	-20.199806213378906	247.0	0.6750388402512766
232.54339473674247	348.492756757234	-6.26247801609607	15.499307572168647	-16.3730525970459	16.066247134626273	4.617669231103932	-16.3730525970459	264.0	0.6727736055601815
225.84839243274504	348.024596590161	-19.259819619468054	13.717509314767016	-14.891180992126465	15.108938946455286	18.18875139990244	-14.891180992126465	266.0	0.6711350817277003
219.15706840744588	348.14139408547834	-41.98871389476782	15.861349388546138	-16.11391258239746	15.358821825637389	42.1751240791361	-16.11391258239746	271.0	0.6692343301599083
212.51775171894892	347.9095440378166	-41.52413503924219	13.916085338768918	-52.344932556152344	15.236825698699146	41.057890405384704	-52.344932556152344	268.0	0.6643363646132505
205.9031033977198	348.2562030670705	-28.435654718165633	14.463308994824326	-65.54829406738281	12.944369707743357	29.158481771171793	-65.54829406738281	273.0	0.66237259073804
199.32045118777685	348.2562030670705	-8.735181901340614	17.267133008144384	-59.38099670410156	17.25740411459189	8.754386808687679	-59.38099670410156	270.0	0.6582652209942962
192.75977125992213	348.83018818577983	-13.473757389173715	14.317967917213872	-44.81269073486328	13.150045236416972	14.615835718181373	-44.81269073486328	275.0	0.6585740659353022
186.17726869204742	349.29048160496126	-14.671002180145427	7.884953587388849	-39.55317306518555	6.995586263608592	15.115309155737402	-39.55317306518555	274.0	0.6598576368264512
179.5806326938826	349.9838159868744	-18.03134678517615	3.100698212199949	-39.038543701171875	1.3062301859816934	18.249316671910005	-39.038543701171875	276.0	0.6632972113421461
172.94769414819038	350.4476362331919	-16.985715294804667	-7.445956988480456	-35.7680778503418	-8.419886429351465	16.52459718320798	-35.7680778503418	274.0	0.6649135505599466
166.37821093428943	351.488140155247	-19.33316491216169	-9.728944943338181	-29.804983139038086	-12.758924909754986	17.482375993513557	-29.804983139038086	279.0	0.6651372648524386
159.86820990761453	352.8718835899453	-17.975541903749466	-11.851226978626231	-15.104289054870605	-15.204215213973487	15.244786891247394	-15.104289054870605	282.0	0.6655438322182781
154.09360926279817	356.2058508266926	-25.551292566631687	-8.543976865483128	-2.4970178604125977	-19.896080075290968	18.166289938816032	-2.4970178604125977	300.0	0.6667934473494627
148.98284290795675	360.4942929900733	-34.27298653805041	-1.2243144641677701	-1.7279698848724365	-22.383633821671097	25.9828691464568	-1.7279698848724365	310.0	0.6671631653684125
145.56088213797145	366.18939208896825	-35.722692789070436	5.4041001535836894	-2.3686606884002686	-27.624826985445885	23.28484512717336	-2.3686606884002686	329.0	0.664409280922176
142.9555197007975	372.32724135041275	-35.770191089137015	14.530682217576334	-11.321621894836426	-26.797730637606232	27.79440463359247	-11.321621894836426	337.0	0.6667916240119693
141.79310245751438	378.9196371290544	-35.80435585904996	13.836279078973401	-19.252216339111328	-32.74662725965197	20.026305708995366	-19.252216339111328	350.0	0.6694094109716013
140.51891450433357	385.4747658806918	-33.04923484651687	7.693237562125773	-25.670894622802734	-31.056277463741413	13.672799940854643	-25.670894622802734	349.0	0.6677819096873927
140.40301270815513	392.1147753366896	-33.686694377124056	6.804980853552252	-20.629650115966797	-33.5478157504458	7.459571090157582	-20.629650115966797	359.0	0.6641020915649747
140.17240184117384	398.7186065333588	-29.622193157457467	8.092850702724922	-20.257646560668945	-29.275704878041765	9.268315049032216	-20.257646560668945	358.0	0.6607856524325503
140.63277188382708	405.3022048679311	-30.16992194068578	11.546701542184243	-18.63208770751953	-30.909978176841776	9.387425393499441	-18.63208770751953	4.0	0.6599674810712707
140.63277188382708	411.9103950861935	-33.45543558331174	15.663498663051532	-13.953743934631348	-33.19660053186375	16.20484722434623	-13.953743934631348	360.0	0.6608190218262403
141.2065072296199	418.46822009654824	-32.91097401047233	28.704696122669475	-13.930627822875977	-35.167340768055304	25.891116876570937	-13.930627822875977	5.0	0.6582874836531996
141.32123525459673	425.040984245445	-28.861742425970593	42.35341762657952	-32.93644714355469	-29.81846644765115	41.68538376007627	-32.93644714355469	1.0	0.6573765365202614
141.89599467310612	431.610514460512	-32.79110244158697	38.17640114945602	-55.82695388793945	-36.08756610095068	35.07679542045357	-55.82695388793945	5.0	0.6594624753224678
142.12585767374722	438.19292956724144	-42.79278503191394	18.38608092860452	-64.45468139648438	-43.39146903642391	16.92485856844474	-64.45468139648438	2.0	0.658642738033022
142.8121956726146	444.7229994272475	-52.055511780049876	6.139678826056644	-55.87099075317383	-52.41168280474977	0.6981893327292443	-55.87099075317383	6.0	0.6566039310364249
142.92691125113083	451.29505051889265	-55.160992377862584	5.247727099469862	-38.657379150390625	-55.22356330309917	4.542221475195119	-38.657379150390625	1.0	0.6573052199332389
143.38560571547484	457.85468696727736	-49.606396104432335	17.083539959445073	-25.57874870300293	-50.75292892816042	13.295942133932927	-25.57874870300293	4.0	0.6575654412041183
143.38560571547484	464.4352806077588	-43.194613877320805	25.217597250266834	-24.35495948791504	-43.26623941878833	25.094509472065553	-24.35495948791504	0.0	0.6580593640481426
143.8444734455008	470.997394870835	-36.614306987217496	32.748737028816684	-29.74717140197754	-38.646852391403506	30.323391191848284	-29.74717140197754	4.0	0.6578138277303678
144.073796965533	477.56436127420704	-27.6922454480162	31.99283901951058	-38.077552795410156	-28.613585927631323	31.171540013986345	-38.077552795410156	2.0	0.6570969260303757
144.64546620454863	484.09857057603523	-12.836188328762141	31.761062249556286	-43.21048355102539	-15.768535118755576	30.41194019197412	-43.21048355102539	5.0	0.6559168919835375
144.87455169390583	490.6587206727086	-2.2021036483642247	28.09054562509459	-53.47697830200195	-3.148948697635884	28.000216715113428	-53.47697830200195	2.0	0.656414879876422
145.56004852450386	497.18078735123277	6.132828565618792	26.844065467176716	-58.06941604614258	3.3631626651777116	27.329554952631298	-58.06941604614258	6.0	0.6557992045121352
145.78930020004475	503.7456963975544	0.0689719469120273	14.237695644255464	-61.3474006652832	-0.4483054408375219	14.230803091169077	-61.3474006652832	2.0	0.656891064920311
146.5906799702003	510.27241086607205	1.1270361811528098	19.351502505487062	-56.66969680786133	-1.3191183439799694	19.33935848388139	-56.66969680786133	7.0	0.6575728954995947
146.5906799702003	516.8577305604013	-3.3289480733318686	8.597197672069289	-53.32374954223633	-3.3353736814246395	8.594706829952571	-53.32374954223633	0.0	0.6585319694329217
147.16164715127192	523.3839153032101	-4.709125426773151	4.722632082916347	-43.23043441772461	-5.102443986817001	4.294668955468771	-43.23043441772461	5.0	0.6551113708304183
147.27587378781584	529.927954928022	-9.809166742130154	2.0350785549794557	-32.235294342041016	-9.838806560298535	1.8865795421545506	-32.235294342041016	1.0	0.6545036465567229
147.95877475896432	536.4253236536712	-8.561163412155791	3.0693208106431586	-25.827180862426758	-8.836681645730316	2.151117546833528	-25.827180862426758	6.0	0.6533158049017318
148.07225486108808	542.9265943501957	-4.398842661141595	-1.2966100644752965	-17.522571563720703	-4.369746819124631	-1.3915197280412774	-17.522571563720703	1.0	0.6502261022372633
148.64022998943614	549.4185797738816	1.0132200001313474	-0.8635842224570749	-8.256415367126465	1.0872079257550968	-0.768356300239842	-8.256415367126465	5.0	0.6516783753338122
148.86824070906601	555.947952492423	3.8477846293731734	0.05095659130691722	1.1904447078704834	3.8451817386352487	0.1504012137719444	1.1904447078704834	2.0	0.653335266045693
149.6650277854136	562.4372624715307	3.511950359781114	3.713796266443733	11.259037017822266	3.0397705136687585	4.10924241952797	11.259037017822266	7.0	0.6538043564399202
149.77864359390992	568.9463077809322	6.188073365550811	21.65628771028243	14.73643684387207	5.7652017969971086	21.772677777615474	14.73643684387207	1.0	0.6510036819541112
150.57290315252914	575.4150327800573	4.184208370551705	35.517801564682166	2.492837429046631	-0.3986270290428762	35.76119299139851	2.492837429046631	7.0	0.6517303994809823
150.57290315252914	581.9463000519485	6.009731567659612	33.4171309343985	-27.054397583007812	6.395611479551	33.345429479985604	-27.054397583007812	360.0	0.6531267271891096
151.14419859983335	588.4762368949652	6.109491759310067	21.575997579967677	-46.94847869873047	3.9865709037104384	22.067097986766132	-46.94847869873047	5.0	0.6554880140925311
151.25937578032298	595.0747331459553	4.674208630341817	3.0628558222574513	-52.7063102722168	4.64002100696454	3.1144047846781358	-52.7063102722168	1.0	0.6599501387016837
151.8351642819797	601.6560258352202	1.265449740562569	-3.8148364867746802	-47.63991165161133	1.586535395119345	-3.6928641874229227	-47.63991165161133	5.0	0.6606432158163136
151.8351642819797	608.287366764233	1.991640065219603	-3.4346987458228924	-40.5287971496582	2.0094595038277836	-3.4243040353364496	-40.5287971496582	0.0	0.6631340929012713
152.4133411227222	614.895958294165	-0.30277590408091837	8.280217583064013	-44.950313568115234	-1.0825540698323433	8.214727820011074	-44.950313568115234	5.0	0.6633835275966763
152.29728283997414	621.5449328597324	-5.870072556696664	9.498379741291366	-57.6792106628418	-5.69683124413555	9.603285026827983	-57.6792106628418	359.0	0.6649987390857024
152.87642292098604	628.164534276324	-3.8479403294864665	8.918768666645606	-66.1037826538086	-4.6120067408861365	8.548711781926484	-66.1037826538086	5.0	0.6644887218604699
153.33979343713457	634.7910413809644	-17.511067941628504	-12.92972602439751	-60.320098876953125	-16.640959057511978	-14.031885018361638	-60.320098876953125	4.0	0.6642688359624127
154.26214811201427	641.3539359079028	-18.106217413158074	-13.23980232322811	-42.74642562866211	-16.14244695887398	-15.573980889632725	-42.74642562866211	8.0	0.6627391848833973
154.3779853525278	647.9902469723347	-25.820982298421566	-2.2297992521705625	-25.48404312133789	-25.81285664602945	-2.3219740162011893	-25.48404312133789	1.0	0.6637321960715051
155.42742883338977	654.6161723391929	-32.101957332956474	16.201248232965586	-21.107620239257812	-34.18948465748072	11.139804655783667	-21.107620239257812	9.0	0.6708518360017985
156.24563805920317	661.2799517247822	-40.221969970282075	25.19703207279096	-27.996461868286133	-42.750202843340816	20.61837652243124	-27.996461868286133	7.0	0.6713823205671351
158.8733405026497	667.4704307428566	-40.4754377552065	27.78130287246405	-31.629865646362305	-48.04913773699489	10.066886981508636	-31.629865646362305	23.0	0.6725091122394881
162.13589943652565	673.3562428639561	-37.901262270018464	24.709863904135247	-26.237483978271484	-45.075441946653825	3.909934671506917	-26.237483978271484	29.0	0.6729567231397323
166.97296295385246	678.0273408056674	-32.9386741103881	24.903184103774045	-17.599050521850586	-40.74954694380695	-6.678267330025776	-17.599050521850586	46.0	0.6724309589222826
172.11507530000205	682.3420853787937	-24.503564286613265	26.324962835984937	-0.03233417868614197	-35.94004324217613	-1.3197055787890393	-0.03233417868614197	50.0	0.6712550939229185
178.10340351736392	685.3932910054652	-10.556040271248264	27.981613715084883	4.76323938369751	-29.73730685214466	3.1769912637324103	4.76323938369751	63.0	0.6720857877911433
184.263706518818	688.1360346119048	-2.1149831207267065	23.20773136049033	-2.767599582672119	-21.988409547209436	7.7189244124964835	-2.767599582672119	66.0	0.6743291151981324
190.90726282738703	689.3074728369616	-5.0483765588989895	13.912084286090211	-11.21706485748291	-14.585962124010262	-2.5063726739367804	-11.21706485748291	80.0	0.6746043873282412
197.54149059008304	690.3582312881416	-11.179927857982097	8.974551724392997	-12.664604187011719	-10.668028472118404	-9.577397041031585	-12.664604187011719	81.0	0.671692424626427
204.22018696478676	689.8912113427199	-14.113649970397455	9.437538781282573	-19.365983963012695	-8.368657807842817	-14.772536012152553	-19.365983963012695	94.0	0.6695005070565838
210.90822973023066	689.8912113427199	-23.107220462713617	6.178225060197831	-29.153108596801758	-6.081748685347377	-23.132799989088713	-29.153108596801758	90.0	0.6688042765443908
217.57304746933426	689.3081153460819	-32.63083033196353	1.9404519971421264	-33.02842330932617	0.7479868403067653	-32.67991673479803	-33.02842330932617	95.0	0.6690276260122986
224.30022022383935	689.1906921088687	-44.751703796654205	-3.8551469722717626	-26.83884048461914	4.208867261502857	-44.71982320242713	-26.83884048461914	91.0	0.6728197491571825
230.98773363114452	688.3695687116204	-46.743371788032974	-9.557412500774259	-22.103225708007812	15.199306656001486	-45.224639490006574	-22.103225708007812	97.0	0.673773546574775
237.71898400393508	688.0167988277843	-44.72371920953262	-9.208968563174091	-9.455452919006348	11.57982952177482	-44.16926205153622	-9.455452919006348	93.0	0.6740487977300662
244.3818242377264	686.9615086063835	-40.834967589325345	-7.402041818872723	-7.002162456512451	14.133122679141172	-39.01973403863662	-7.002162456512451	99.0	0.6745893375410905
251.1154839276986	686.3723897194694	-35.40538445769466	-6.366474078023582	-2.513700008392334	9.197500323905983	-34.77756789332834	-2.513700008392334	95.0	0.6759381176060067
257.7143849456404	684.9697500082949	-31.963464492020126	-5.145948186407196	-5.594159126281738	11.491875781533038	-30.266824017257463	-5.594159126281738	102.0	0.6746324392138051
264.1991156209546	682.9871688798552	-31.66477473295029	-5.816245888374455	0.08519852161407471	14.715387864109598	-28.634664920884543	0.08519852161407471	107.0	0.6781029410215381
269.8912877056706	679.2906291062537	-26.75897324092894	-10.763570055546111	2.4610822200775146	23.583752087608882	-16.604328553711632	2.4610822200775146	123.0	0.6787137050320794
274.4195553850318	674.2614783510586	-22.643814675354168	-16.845856123120083	-1.6671011447906494	28.049539912041755	-3.122262368127273	-1.6671011447906494	138.0	0.6767389858315147
276.6214226757602	667.8667914141266	-24.398667460715775	-17.011404952098975	-14.965493202209473	28.65042730365972	7.989736392434872	-14.965493202209473	161.0	0.6763153154213508
278.02026666357483	661.285747870591	-30.003068675594324	-8.988713015111196	-18.94083595275879	31.231515156484065	2.36083727748545	-18.94083595275879	168.0	0.6728067971130869
277.67081121356296	654.6177406626426	-31.481674636930162	-0.6110632153705362	-17.042621612548828	31.390667949210446	2.468846269236507	-17.042621612548828	183.0	0.6677158020954228
277.4389867183815	647.9791557014423	-28.843189880439517	8.639990668055376	-16.277423858642578	29.041716214020486	-7.947185701081363	-16.277423858642578	182.0	0.6642631472815658
276.4053698878304	641.4531558719567	-18.970835515733896	19.00705886309452	-16.323036193847656	21.78912293091694	-15.696974507578208	-16.323036193847656	189.0	0.6607347238252641
275.4956110652746	634.9798854912713	-13.081031692661924	26.026073296239804	-10.570718765258789	16.345170473888146	-24.11027340253958	-10.570718765258789	188.0	0.6536886914784213
274.02465828311176	628.6084890031218	-15.91843570461407	19.807804319528554	-3.45517635345459	19.97154030182414	-15.7125200147933	-3.45517635345459	193.0	0.653899038816822
273.23300380914776	622.1609807159032	-19.669370799137152	11.915792687822595	-8.777364730834961	20.90819979646341	-9.57692248503052	-8.777364730834961	187.0	0.6495927949100152
272.22280329470897	615.7828256877398	-21.351324864982207	14.063331249204666	-16.976795196533203	23.306580352837827	-10.509979618038166	-16.976795196533203	189.0	0.6457659532884816
272.1103360003421	609.3395787087466	-24.99025433641414	17.423613611993535	-17.21841049194336	25.380495031784466	-16.850091840707456	-17.21841049194336	181.0	0.6444228466201977
271.3231938128681	602.9288200458848	-33.282949592292724	15.678038756528672	-19.11142349243164	34.951825055167134	-11.485885169515884	-19.11142349243164	187.0	0.6458902341478672
270.9853532295197	596.4824376963521	-44.13583314508244	16.096840867856482	-21.558643341064453	44.81713445419836	-14.089162950649637	-21.558643341064453	183.0	0.6455229016551065
270.1901773982819	590.0062502555985	-52.10828948934966	5.675181272161841	-28.037578582763672	52.40994937410822	0.8238462120913702	-28.037578582763672	187.0	0.6524822478072478
269.9621771559837	583.4771775685806	-60.8145542293566	4.663009575707645	-45.13011932373047	60.94990545860249	-2.294055144480025	-45.13011932373047	182.0	0.6533052446050888
269.16112556584557	576.9531359118158	-67.17528311184978	23.23387870133578	-66.44964599609375	69.5501827556459	-14.666419444493268	-66.44964599609375	187.0	0.6573036070893357
268.6977324476951	570.3263055834886	-52.082609093159185	59.75163071121477	-60.70535659790039	55.621558133791794	-56.47209765334941	-60.70535659790039	184.0	0.6643012372590194
267.65921222489004	563.7693469537325	-46.72879357322736	59.35062362399707	-37.007381439208984	55.23873615091112	-51.524350571517914	-37.007381439208984	189.0	0.6638691943862827
267.42802965037004	557.1491441951807	-45.46253683525075	44.426950701636194	-12.838193893432617	46.56596644374687	-43.26900707552676	-12.838193893432617	182.0	0.6624238065400216
266.6254585059267	550.6127267617384	-41.90055071928588	26.905244440521386	-14.869283676147461	44.682214306540935	-21.978354206992027	-14.869283676147461	187.0	0.6585504787493702
266.51059250543125	544.0320580006747	-33.87632315618835	23.10976105266892	-25.475309371948242	34.145190852569506	-22.7106201618441	-25.475309371948242	181.0	0.6581671181463642
265.71027053083844	537.5139585856704	-32.813657906389466	25.439147358279726	-23.48933982849121	35.524978577989046	-21.490980911704455	-23.48933982849121	187.0	0.6567049203934521
265.4820206050811	530.9777358998776	-26.74793338941335	29.256801115682272	-24.24999237060547	27.890846677172924	-28.169363211785836	-24.24999237060547	182.0	0.6540206803066632
264.57510318682273	524.524683161299	-24.538685619965843	23.706552643037185	-20.916399002075195	27.715175119638236	-19.900170809829685	-20.916399002075195	188.0	0.6516470582333505
264.57510318682273	517.9778978038453	-26.981979126511145	9.691497115707483	-22.017948150634766	26.966109201750633	-9.735567186687662	-22.017948150634766	180.0	0.6546785357453733
264.2341500822816	511.47212501199033	-41.45951921293719	-0.2612857562434072	-30.70641326904297	41.389905999650374	2.41571624046158	-30.70641326904297	183.0	0.6514700963109215
264.0070434222835	504.96864117404886	-40.74887851202398	20.86053767942473	-44.47682571411133	41.37035738002123	-19.5991495354189	-44.47682571411133	182.0	0.6507447999437393
263.32630919076945	498.49188759895895	-30.640617727921914	30.70359618070949	-49.154571533203125	33.740575176799425	-27.260444969139208	-49.154571533203125	186.0	0.6512429344445515
263.21269330723624	491.98283799069645	-27.234557772397473	31.450451269444937	-40.60376739501953	27.767495990870582	-30.98093266037632	-40.60376739501953	181.0	0.6510041119057022
262.63963705935714	485.43277510501434	-29.04920174820186	24.02837356609472	-38.99824142456055	31.09717403002725	-21.31160777101841	-38.99824142456055	185.0	0.6575083061804101
262.525240435203	478.87899689653494	-31.37915894416782	21.9977282757244	-43.12217712402344	31.7212470778517	-21.501491789218644	-43.12217712402344	181.0	0.6554776532694077
261.9502252588615	472.30654335607	-37.3712105564904	17.570672666614612	-40.41264343261719	38.6357366967585	-14.581349948259449	-40.41264343261719	185.0	0.6597559245250707
261.8347315773373	465.6899147729529	-38.28536447606258	9.223987696691944	-42.85579299926758	38.4627225346585	-8.453996529189721	-42.85579299926758	181.0	0.6617636481206436
261.14278985377337	459.10652903388234	-46.39539501816725	-0.8428904720087613	-51.098575592041016	46.061889320189465	5.6165376785167	-51.098575592041016	186.0	0.6619648868195808
260.5664684811854	452.5191456020023	-39.306666026394176	15.451388587146683	-59.83285140991211	40.40504310074544	-12.296011361754685	-59.83285140991211	185.0	0.6612546166425538
259.18691309132475	446.02884777717077	-41.18080011758203	12.194571679371064	-48.895057678222656	42.80062136291897	-3.559871867863701	-48.895057678222656	192.0	0.6635294939089457
258.496135915501	439.4565419697249	-32.603379212348855	17.28930293916467	-34.62428283691406	34.29628077693615	-13.62591123763799	-34.62428283691406	186.0	0.6608507905210151
257.2374148766421	432.98098359427706	-26.661240623887842	6.4447593745807605	-28.65243911743164	27.412112504015322	-0.9657965977889651	-28.65243911743164	191.0	0.659675942622579
256.5442479065868	426.38594041354173	-16.05575001350791	10.506761714648523	-26.063907623291016	17.01666661530582	-8.866352549284267	-26.063907623291016	186.0	0.6631370522308285
255.39150346843402	419.84840183878043	-10.34307285276755	12.320087534081647	-20.147245407104492	12.409971058789852	-10.235054040164584	-20.147245407104492	190.0	0.6638390645042205
255.04153829592258	413.1706685461449	-13.823138648317283	15.847797730942254	-22.350849151611328	14.672430720904835	-15.064913931108583	-22.350849151611328	183.0	0.6686897453194843
254.0046891697031	406.6242608049872	-19.104293324618546	28.481142023852616	-23.642044067382812	23.36041343921795	-25.108575394966824	-23.642044067382812	189.0	0.6628009537110751
253.88838010373905	399.9609188785969	-25.288638114634683	37.43994910763854	-8.249289512634277	25.759984642568504	-37.11722239190525	-8.249289512634277	181.0	0.666435694023187
253.53962409895277	393.3062578806038	-25.947163636605243	27.957059990414418	1.285827875137329	27.266753895753034	-26.67164479519095	1.285827875137329	183.0	0.6663793495381164
253.88814041944823	386.6561703313258	-25.78362584885201	10.688951575955477	-0.042092323303222656	25.17108613313229	-12.060906706593247	-0.042092323303222656	177.0	0.6659213770312065
253.6559940024493	380.00836673542295	-26.84788816205893	4.19016684157867	-8.410953521728516	26.997777238539932	-3.0800358927883758	-8.410953521728516	182.0	0.6651855726684459
253.53947450880892	373.33296941553056	-26.992112931052855	3.6556857153378433	-15.138448715209961	27.028201399795357	-3.378539273730019	-15.138448715209961	181.0	0.667641417010843
251.80812131770975	366.87147134050196	-28.606996427355934	0.7313590221611239	-16.820140838623047	27.84891724336655	6.582775933158651	-16.820140838623047	195.0	0.6689435046842703
248.36670690454608	361.1439959424083	-16.071567887103342	12.498457910862646	-27.983373641967773	20.193845099214315	-2.5914020545477814	-27.983373641967773	211.0	0.6681864081145222
243.1919305832289	356.95354470205007	-11.949667306406875	16.834972570171168	-27.5844783782959	20.60804240203914	-1.2326550725900554	-27.5844783782959	231.0	0.6658692932812327
238.3637344139252	352.4511789353423	-3.9799408373567493	15.842939333202393	-21.964845657348633	14.360017816229371	-7.786433336384927	-21.964845657348633	227.0	0.660172520986
233.7910481594019	347.71602370332994	-7.863134776898972	9.878573049139574	-15.434237480163574	12.539587306190658	-1.474396214484732	-15.434237480163574	224.0	0.6582640401355672
230.33149965176895	342.1795887716725	-9.671138827373088	1.2969781160899363	-18.386735916137695	8.900202337475756	3.99993459995668	-18.386735916137695	212.0	0.652844450302994
227.1838358988052	336.501053043789	-15.967070490939225	-2.631315987484959	-30.07478904724121	12.575463494380012	10.184737688823006	-30.07478904724121	209.0	0.6492576924039576
224.97897791857062	330.4432555299902	-11.296803691313894	7.543723062210074	-40.63962173461914	13.181352120304028	-3.282908399568873	-40.63962173461914	200.0	0.6446573464344527
223.31633042069254	324.23817059283186	-16.28160417738282	15.180464433779314	-34.29669189453125	19.789906398781344	-10.19297501918266	-34.29669189453125	195.0	0.642397663286142
222.4291480548683	317.9255400488129	-20.58881538570048	8.183657792899698	-39.40546417236328	21.530785822760194	-5.224637376141386	-39.40546417236328	188.0	0.637466837847355
221.76346986474084	311.592035138713	-27.75780678605688	5.499147732302304	-48.78343963623047	28.200673520734536	-2.3363382312269882	-48.78343963623047	186.0	0.6368391625761602
221.5419535761068	305.24863859109706	-22.544367766249437	12.233144617038754	-51.782867431640625	22.829994224870113	-11.691437417772379	-51.782867431640625	182.0	0.6347263128816729
221.2091245230986	298.8978819370004	-28.662885049245073	-1.9040120936728777	-48.45636749267578	28.523520844620275	3.4051431725555776	-48.45636749267578	183.0	0.6359472089574665
221.4318749318543	292.5191448129992	-25.689971402103215	-4.362844222325846	-61.8293571472168	25.811963609392023	3.5709347482956093	-61.8293571472168	178.0	0.6382625246848885
221.65500737250807	286.12946772680334	-30.190542862099182	-3.0090261559286184	-63.6801872253418	30.256251950142076	2.254403389997974	-63.6801872253418	178.0	0.6393571877435054
221.99139654459395	279.71077995396087	-15.341069366035782	23.451519787589923	-60.858463287353516	13.835691799516765	-24.369977884069318	-60.858463287353516	177.0	0.6427496433319462
222.32983506974324	273.2529881951944	-18.40741022677348	22.695603315009894	-44.39104461669922	17.119330524215584	-23.682307393741713	-44.39104461669922	177.0	0.6466654083442023
222.66831371533917	266.79443089270137	-11.262037774992777	22.547259973106794	-30.00984764099121	9.827658754465395	-23.208393967399118	-30.00984764099121	177.0	0.6467420677759478
222.44024671600778	260.2634465343731	-15.581256095882798	9.049732610010565	-30.884267807006836	15.854705998745805	-8.561629490436228	-30.884267807006836	182.0	0.6534965282609602
223.01311327765634	253.7155517722268	-22.28059001481247	11.674837720493167	-40.84760284423828	21.321713423546804	-13.345825710391825	-40.84760284423828	175.0	0.657290665638863
223.01311327765634	247.09566223723252	-26.53472127018395	25.788743619668452	-48.915504455566406	26.50012658970093	-25.824291299030232	-48.915504455566406	180.0	0.6619889534994294
223.47762343556164	240.45285749617636	-38.28396354303141	25.92905026681799	-48.01033020019531	36.02006226623406	-28.991940718757565	-48.01033020019531	176.0	0.6659025793206945
223.24491973681688	233.78909543905016	-33.977281872867465	11.837698921554821	-32.94270706176758	34.403969838135716	-10.533454257854633	-32.94270706176758	182.0	0.6667823915296823
223.24491973681688	227.077591882948	-21.312698883805066	4.338511655552686	-22.252975463867188	21.30568855032449	-4.372808307447753	-22.252975463867188	180.0	0.6711503556102146
222.7725666195976	220.32262759827728	-14.563825311425122	0.8900858393342207	-18.274003982543945	14.58946435104481	0.21163755026683642	-18.274003982543945	184.0	0.6771459218995851
222.8906190723045	213.55940711228166	-14.604921557977066	-4.480176701550679	-21.37982749938965	14.662226412704506	4.288919865697094	-21.37982749938965	179.0	0.6764250714142765
222.65471366105993	206.80396000507184	-20.594131967877974	-7.5692060335279745	-32.46574783325195	20.39386037121521	8.093306533657772	-32.46574783325195	182.0	0.6759564851480017
223.0109502811271	200.0065603643959	-29.768935499519543	1.5636670944259525	-46.413211822509766	29.660760981278003	-2.9788980459629197	-46.413211822509766	177.0	0.6806728024869071
222.65514851986978	193.21745832411096	-35.27658388406442	11.228238916571707	-50.51306915283203	35.77649465689175	-9.515941874688252	-50.51306915283203	183.0	0.679841903729942
222.89325547485296	186.39896725278882	-27.746083323623917	26.151437388031635	-43.90411376953125	26.69017200806539	-27.22824885007302	-43.90411376953125	178.0	0.6822647243681242
222.41891312561913	179.6155556249711	-18.542501563014785	32.30380639016184	-28.454877853393555	20.85821059927487	-30.85928259217579	-28.454877853393555	184.0	0.6799976027655469
222.53779376147529	172.8048885581314	-5.286240309596343	28.84613287077896	-2.599435329437256	4.7514228619506875	-28.93903417525139	-2.599435329437256	179.0	0.6811704522431705
222.18242790052423	166.02410399117196	-1.6305480698690296	19.754317957589297	3.40225887298584	2.740515583123458	-19.631131890860143	3.40225887298584	183.0	0.6790090149522696
222.29995444126143	159.29101298174135	-5.511331316937239	7.486762757134308	-3.7009196281433105	5.368656035600375	-7.589724753775867	-3.7009196281433105	179.0	0.6734116648013522
221.94971473097624	152.6080411963192	-12.021539156634322	-1.1117556123933454	-21.277080535888672	11.932088100111198	1.8381180069204262	-21.277080535888672	183.0	0.66921431350061
222.0663065793822	145.9284986746828	-17.275651296719513	9.128731994187303	-37.35762405395508	17.04860115289372	-9.546050192466849	-37.35762405395508	179.0	0.66805600032829
221.83249175798122	139.23291822774462	-21.544885856452726	17.657576045582605	-39.79923629760742	22.192988128285894	-16.835776676793703	-39.79923629760742	182.0	0.6699661699826919
221.7161965288187	132.57036901118363	-13.22288485994912	27.219842201355398	-32.48200225830078	13.293374731499602	-27.18548660101724	-32.48200225830078	181.0	0.6663564109650573
221.36876120702277	125.94090814585078	-8.651561678978437	25.456369971709265	-22.573802947998047	9.753047125252168	-25.05502670911208	-22.573802947998047	183.0	0.6638558779419758
221.71507018599715	119.3329391818534	-8.143582928403974	22.87628624351306	-12.855053901672363	7.0403252139114265	-23.239540358821657	-12.855053901672363	177.0	0.6617037383759503
221.4839994742673	112.71593975449385	-7.374592367993402	17.974692235915267	-10.531335830688477	7.937136383394594	-17.73347229397934	-10.531335830688477	182.0	0.6621032781635812
221.8294055890214	106.12519846609362	-2.890145908101521	16.23060793327984	-7.956956386566162	2.0321482622315106	-16.360194090971902	-7.956956386566162	177.0	0.6599786065830686
221.71381672897004	99.50311710880786	5.55617339429552	11.353976252558073	-12.773884773254395	-5.412871027687205	-11.422988521781615	-12.773884773254395	181.0	0.6623090085985525
221.9464287232057	92.84198112523097	2.7125668081272405	4.9606420794230734	-15.76956558227539	-2.920585414034891	-4.84109175372902	-15.76956558227539	178.0	0.6665196241039351
221.7129953035943	86.15732259654192	-2.9712187928307694	0.9380400025264707	-13.188992500305176	3.009431267290214	-0.8070833963517094	-13.188992500305176	182.0	0.6688733124184794
222.29735228411013	79.47809174576248	-11.064878909911256	-2.6557808770343163	-11.326821327209473	11.24365929541224	1.750669302441212	-11.326821327209473	175.0	0.6704744427543925
222.29735228411013	72.79501064459008	-17.490989536534087	-7.388843709226696	-14.914054870605469	17.488715080281697	7.394225528562904	-14.914054870605469	180.0	0.6683081101172405
222.53201102727675	66.07526344022003	-19.10920721409956	-1.4251971572271214	-27.77468490600586	19.15209917772179	0.6245673503083898	-27.77468490600586	178.0	0.6723843187968
222.18037300129367	59.365610201833945	-23.17882778253479	4.918980752489091	-31.804780960083008	23.392039614473976	-3.777156561574452	-31.804780960083008	183.0	0.6718861204155215
222.41399370855842	52.67558845646662	-25.55032328538037	14.452782993536688	-31.663192749023438	24.97854429335655	-15.41993129785404	-31.663192749023438	178.0	0.6694099609981206
222.18093927276698	46.00178260443619	-32.87675219102725	25.312627746429317	-23.301095962524414	33.739891090065754	-24.15014921879407	-23.301095962524414	182.0	0.6677873832338979
220.66799755087928	39.448512036881645	-35.96427989042511	23.652101438257507	-23.7041015625	40.235640124269956	-15.295247440714911	-23.7041015625	193.0	0.6725648502962758
217.40953335934066	33.570087026504105	-31.899908652059885	29.55992537848318	-32.50311279296875	41.97120720580758	-11.393468571002652	-32.50311279296875	209.0	0.6721121148303425
211.96825199519185	29.616764708606976	-27.709055522982016	38.53690971545319	-33.098228454589844	47.460392755933825	-0.6295139753769678	-33.098228454589844	234.0	0.6725793650790705
205.79527363568903	26.99649085399114	-13.57448842326983	39.623850511412336	-30.518234252929688	41.72028934717477	-3.7059036809195662	-30.518234252929688	247.0	0.6706079100344227
199.15928392172736	26.181693770806163	-12.083174686119323	34.43447384474153	-23.866147994995117	35.732561518665214	7.410812828176795	-23.866147994995117	263.0	0.6685824838460231
192.47457660922814	25.47910272075105	-17.016138071106425	31.724218745114534	-21.748733520507812	33.384363139163824	13.47068326534603	-21.748733520507812	264.0	0.672152854917675
185.76147645734292	25.47910272075105	-21.37103030564953	33.67506787145352	-19.371004104614258	33.5168188091919	21.61837157104559	-19.371004104614258	270.0	0.6713100151885218
179.0355061481778	25.008777059804427	-19.117254247874627	36.0368990225625	-24.79062843322754	37.34743164213712	16.41026663025747	-24.79062843322754	266.0	0.674239444315709
172.2925600713506	25.126475621382912	-18.556108985958602	41.47971832021863	-19.827138900756836	41.202325318209205	19.164148846111356	-19.827138900756836	271.0	0.6743973216613247
165.5442990515162	24.654591242103226	-19.387223149500883	43.17698675876143	-16.823488235473633	44.501620428436546	16.115904760768537	-16.823488235473633	266.0	0.6764739585470013
158.8040588184035	24.53693991120246	-31.269394002560418	41.012189765317714	-11.738346099853516	41.422092438445375	30.72433837619092	-11.738346099853516	269.0	0.6741266960722876
152.09998315738534	23.950409291443307	-39.67655177269787	33.471245800891154	-29.307462692260742	36.95656838991496	36.452230506195185	-29.307462692260742	265.0	0.6729684140921536
145.4161680381799	24.183813258546536	-36.95634412944695	34.63515198167647	-38.57718276977539	33.788951601217114	37.731576615595365	-38.57718276977539	272.0	0.6687889200605719
138.78181049367976	23.95213638800921	-23.58300622471189	41.12329611822786	-42.6717529296875	42.143720423888276	21.706922744953904	-42.6717529296875	268.0	0.6638401479317744
132.13912337960775	24.18410413352552	-22.41738185967199	47.102845288014315	-36.357784271240234	46.18853049175172	24.245343773217247	-36.357784271240234	272.0	0.6646736126131235
125.54806118706497	24.760747355967332	-23.158793980189294	25.013468174065846	-37.99105453491211	23.00066720506622	25.158947450830453	-37.99105453491211	275.0	0.6616238979356384
118.97526845200598	24.760747355967332	-15.61880099555339	11.566040615937458	-40.43909454345703	11.689038001407342	15.52696463156497	-40.43909454345703	270.0	0.6572792735058993
112.46683023731623	25.101840149400097	-18.499025814147572	13.601133966271053	-35.450870513916016	12.722118683285258	19.114196228179583	-35.450870513916016	273.0	0.6517370043826395
105.95729600593862	25.215464492061244	-16.288126316777376	9.000961395543577	-38.9030876159668	8.606942890940596	16.49972421064815	-38.9030876159668	271.0	0.6510525815993823
99.50215857592738	25.893926775177423	-19.883996998678274	5.982069289616436	-43.05048370361328	3.8326780067901414	20.40757381281484	-43.05048370361328	276.0	0.6490694131596659
93.08137217320395	26.118145577102673	-6.108869585908667	-0.3733544868022886	-42.23058319091797	-0.647148278439344	6.085957631808516	-42.23058319091797	272.0	0.6424700156469172
86.66584228243285	26.67943171305685	-3.3165778649846542	1.173715690911102	-34.034751892089844	0.8481412524348144	3.414374565497376	-34.034751892089844	275.0	0.6440036172708326
80.19807673250988	26.905291062952372	-1.9834877890174236	1.3294501227327817	-23.31524658203125	1.2569672946928911	2.030195719158099	-23.31524658203125	272.0	0.6471707939540039
73.73504099018109	27.698852068673993	-10.167952216798115	1.7779344122346177	-12.648372650146484	0.6078410162348018	10.304311347988298	-12.648372650146484	277.0	0.6511572012687977
67.23217459622283	28.153576784098085	-23.75355544057771	2.8720100558771215	-10.416496276855469	1.1789092965750676	23.897489631760635	-10.416496276855469	274.0	0.6518745730927782
60.887178321272266	29.73556203337893	-35.166814262006156	7.098013073192218	-12.159872055053711	-1.3880902016516998	35.849125798514606	-12.159872055053711	284.0	0.6539239639138387
54.73902411609531	32.095617314598115	-36.26171377426562	5.831105625370149	-30.063278198242188	-6.9190231717184325	36.0699431245769	-30.063278198242188	291.0	0.6585564596983742
50.03113047440372	36.8035109562897	-39.28459845472873	5.980307776505693	-34.61915588378906	-23.107372545916125	32.32789957413335	-34.61915588378906	315.0	0.6657967038290302
47.10148292151935	42.81017858844189	-43.116434205123085	1.6409741593416756	-37.641029357910156	-37.617130796996385	21.134596408685006	-37.641029357910156	334.0	0.6683030063322042
46.40395906771954	49.4466747490071	-50.368162668305295	9.08337787010768	-31.922500610351562	-49.08682693616171	14.489409423828658	-31.922500610351562	354.0	0.6673051836739807
45.70250490684268	56.12056528352044	-48.35429848828955	13.572342524409487	-24.136865615844727	-46.67429934449155	18.54336659280863	-24.136865615844727	354.0	0.6710652189353744
45.81893232267857	62.790687469527285	-40.601013639026974	29.270513322230656	-20.57270050048828	-41.008101982862165	28.69740110927316	-20.57270050048828	1.0	0.667113823267206
45.47199296165511	69.410684839569	-26.617640526940857	29.88777454257863	-28.439977645874023	-25.110654784780152	31.164609264501504	-28.439977645874023	357.0	0.6629082296938741
45.70324670985347	76.03292574560069	-17.01652996461319	29.179809771120635	-23.428361892700195	-18.118191903558316	28.508853229500478	-23.428361892700195	2.0	0.6626277455221387
45.356088827116594	82.65709275832536	-10.397695642864782	23.45083663454638	-23.43161392211914	-9.009334015328854	24.018445289861507	-23.43161392211914	357.0	0.663325766181414
45.4713951614697	89.26298822919821	-5.449897737631232	14.37326672094942	-28.78282356262207	-5.810799172400043	14.231190904496541	-28.78282356262207	1.0	0.6606901734008191
45.01229148896728	95.8284766268861	-12.245772579113616	-2.4006391916248924	-38.2425422668457	-12.391961551493683	-1.4701372364642034	-38.2425422668457	356.0	0.6581520651208157
45.35596516707988	102.38616105492696	-22.166054731022854	-5.387395685164944	-37.3216438293457	-21.89788924737513	-6.390654201013166	-37.3216438293457	3.0	0.656668384002131
44.899516893956594	108.91367547231549	-24.360942883507896	2.6432399165508538	-30.835588455200195	-24.08459585280762	4.513811918645231	-30.835588455200195	356.0	0.6543453942319175
45.12754500416079	115.44354619174727	-28.146733334147125	15.278293415215174	-22.560800552368164	-28.52087762517869	14.567923206640598	-22.560800552368164	2.0	0.6533850964900862
44.67235064115096	121.95312885908731	-24.195125060660406	25.171747493568045	-28.33779525756836	-22.50211036175202	26.69599179368466	-28.33779525756836	356.0	0.6525478404764657
44.78608771218106	128.4691212943962	-19.70315231413301	32.742749295743906	-31.20770263671875	-20.230825914050442	32.41936960203342	-31.20770263671875	1.0	0.6516985003690662
44.103884930764714	134.9598471884756	-20.586024723453306	23.378796370377405	-47.342227935791016	-18.18471229540097	25.291673973378973	-47.342227935791016	354.0	0.6526478626874154
43.99030597263393	141.46678134185007	-13.712499958785312	19.843871763075597	-52.44825744628906	-13.34646410834644	20.09188387070004	-52.44825744628906	359.0	0.6507925341925866
43.31381047924435	147.90320601759757	-17.918044427598602	8.390094163900576	-51.95552062988281	-16.95047433250961	10.20448019702369	-51.95552062988281	354.0	0.6471878302251043
43.20159188908685	154.33220474197884	-13.562474554278305	7.470504695930109	-50.88895034790039	-13.381231134908592	7.790494834188213	-50.88895034790039	359.0	0.6429978041181228
42.41525881482693	160.73637370652585	-14.315825171573943	1.1582510847880974	-43.255496978759766	-14.069370369462128	2.88742330207818	-43.255496978759766	353.0	0.6452263155679745
42.41525881482693	167.14529775669507	-19.183136062072712	9.278266173203257	-36.53073501586914	-19.156118122937663	9.333920441961226	-36.53073501586914	360.0	0.640892405016923
41.633828465182845	173.50953723352978	-20.41664327550042	8.63305308792105	-37.869441986083984	-19.175653585393793	11.120397377381527	-37.869441986083984	353.0	0.6412033804484053
41.521474210304326	179.94630818457279	-23.280028072261477	10.820770561040568	-37.46772003173828	-23.105945507334226	11.18767468208054	-37.46772003173828	359.0	0.6437751451771054
40.62332838513085	186.33694779529793	-23.01776179793112	5.78332469805998	-38.888275146484375	-21.932716103008374	9.067533683109465	-38.888275146484375	352.0	0.6453444084939887
40.509919947665296	192.83411282630374	-25.19121631685191	3.5207271094260233	-42.22076416015625	-25.12379884819371	3.973365114984238	-42.22076416015625	359.0	0.6498154731445929
39.599556919662675	199.31168235213156	-26.414018913958785	-1.770688533760142	-41.12904357910156	-26.40720613969377	1.8695445879362718	-41.12904357910156	352.0	0.6541228310087285
39.3708280271848	205.86162085024876	-22.381278723553244	0.43162869691048666	-34.8731803894043	-22.357049703208677	1.1270621995393997	-34.8731803894043	358.0	0.6553930975786352
38.340930128629594	212.36414026721232	-19.020185846407326	4.173891190574679	-29.957233428955078	-18.087630894383	7.212936013246763	-29.957233428955078	351.0	0.6583574139434958
37.8764696957329	219.00623390751588	-17.83282757802128	6.72013922297696	-27.659183502197266	-17.331316450557374	7.924359954865059	-27.659183502197266	356.0	0.6658312956018781
36.603901298576424	225.55303076570414	-18.29266149038447	5.003547911003012	-22.70905113220215	-17.00824035831097	8.389083144981909	-22.70905113220215	349.0	0.6669331257916727
36.2535044070311	232.2390017482355	-19.651986333004885	5.2029926143982	-10.519747734069824	-19.31815001228576	6.330938246493697	-10.519747734069824	357.0	0.6695146448051454
35.08581152396016	238.86131716689272	-22.720758584096203	15.013063457608613	-2.6366238594055176	-19.735399315953288	18.765365939912677	-2.6366238594055176	350.0	0.6724475308405824
34.96862423546878	245.5749724281764	-26.096227944966543	25.27442013200894	-8.399190902709961	-25.590784629280275	25.78606538467519	-8.399190902709961	359.0	0.6714677939257115
34.96862423546878	252.28319839446766	-27.264021034675352	24.422322378817427	-22.95380973815918	-27.105700307119065	24.597920322961293	-22.95380973815918	0.0	0.6708225966291248
36.59478795484057	258.8053848349318	-24.8554592582128	14.601980469873297	-31.774879455566406	-27.619450588702104	8.256975097302927	-31.774879455566406	14.0	0.672185423870341
39.42068718007738	264.8655452801147	-27.106983774724707	3.900060869003732	-31.17177391052246	-26.328448133118194	-7.537364462915918	-31.17177391052246	25.0	0.6686647220584755
43.728240044104616	269.9990868811086	-20.082782931612744	-2.2403211368344262	-31.396625518798828	-14.095969668976222	-14.478979527774934	-31.396625518798828	40.0	0.6701362626027979
48.62872135778378	274.5688596354501	-17.024019803740938	-5.551654675883724	-28.400659561157227	-7.74522949895769	-16.144644310944134	-28.400659561157227	47.0	0.670056267279404
54.46529630312894	277.8041259571374	-12.804141976149872	-4.483023272361547	-26.648834228515625	-2.377493630953276	-13.35631211977	-26.648834228515625	61.0	0.6673271706207886
60.28132600874871	281.0280038664806	-9.231437195910887	0.4026283603536051	-25.541393280029297	-4.7849914185444575	-7.904770674919291	-25.541393280029297	61.0	0.6649781222792435
66.42916376641392	283.511891552757	-0.002953100132286215	0.5926743218041977	-31.588924407958984	-0.5487517031914183	0.22392664149442917	-31.588924407958984	68.0	0.6630656613986987
72.55003295054635	285.98488322805275	-0.8636880424925683	-1.348043030421794	-43.725059509277344	0.9102213898132845	-1.3170702593786678	-43.725059509277344	68.0	0.660157007047143
79.01413191716404	287.4772380637324	-9.443632447808339	-2.462538255125853	-53.59450149536133	0.29043670915697745	-9.755097897265351	-53.59450149536133	77.0	0.6634131322622747
85.2891239676546	289.63789109988943	-28.027256943821268	-4.270697427666089	-49.98967361450195	-4.997241006783385	-27.9068731790893	-49.98967361450195	71.0	0.6636561366880771
91.36279774882651	292.21601266186946	-37.4936586300458	-3.8669620853781996	-34.330291748046875	-10.957483714828596	-36.06468333252666	-34.330291748046875	67.0	0.6598198541150561
95.99644398094522	296.8496588939882	-22.45577150754794	15.849549745633382	-11.540016174316406	-27.07653284322614	-4.725597351468408	-11.540016174316406	45.0	0.6552965344701273
98.9748196275692	302.6950502273931	-14.226594964694673	23.102124996807092	-17.257970809936523	-23.12861371817858	14.183490795035494	-17.257970809936523	27.0	0.6560436062720852
100.99078901138094	308.8995660113998	-6.30084125723551	22.147445720772772	-28.827014923095703	-12.831021079438653	19.12001178248743	-28.827014923095703	18.0	0.6523813966573152
102.33535370436431	315.22524555015104	-7.895441443037733	10.58102225730727	-32.50529861450195	-9.90278389817793	8.731030790007413	-32.50529861450195	12.0	0.6466998982572477
103.67438748921457	321.52490421196643	-0.5448534607097342	6.652133009922909	-29.544294357299805	-1.8743419099489798	6.405824012565612	-29.544294357299805	12.0	0.6440396783767001
104.01105054671463	327.9488180298337	-5.867540151513239	-1.3987647738309845	-30.134288787841797	-5.777099781668053	-1.7348453633627952	-30.134288787841797	3.0	0.6432729650286205
104.4570522505597	334.3269395464469	-4.692458446413987	-7.827304500298954	-27.113962173461914	-4.084436504753493	-8.161080838366892	-27.113962173461914	4.0	0.639369623930611
104.4570522505597	340.66925412722287	-5.5157948182401695	-15.87055459304565	-22.784975051879883	-5.569068785101593	-15.851938948739823	-22.784975051879883	0.0	0.634231458077594
105.11614212784136	346.94007542776944	-5.964807146158681	-22.920838705822295	-19.14830207824707	-3.500044115824346	-23.424206762587936	-19.14830207824707	6.0	0.6305362737362843
106.31950705865512	353.13085131526526	-15.859611874137865	-20.781154967302434	2.36691951751709	-11.868817252971919	-23.2919485571493	2.36691951751709	11.0	0.6306646751318151
108.49532396660223	359.10885913871755	-22.79841799090169	-9.366358031477095	6.132910251617432	-18.281349474328426	-16.531448425929195	6.132910251617432	20.0	0.6361663049405009
110.87071454982132	364.988157142972	-26.837691031102285	-1.6890270766912059	7.509326934814453	-24.28252350956876	-11.55307423822528	7.509326934814453	22.0	0.6341027160143385
113.76120159003081	370.6610573741136	-27.863493036906004	-1.5786712772176148	-2.912447690963745	-23.95596477389748	-14.31705971807774	-2.912447690963745	27.0	0.6366844772892291
116.67645754899027	376.38256934540397	-27.850349550949804	2.213914761603021	-0.4739494323730469	-25.76720709273896	-10.797889947653513	-0.4739494323730469	27.0	0.6421403004318251
119.70095027842652	382.07081286590227	-31.967249381315824	7.7145559557472065	-10.291305541992188	-31.87332530409979	-8.093858206110584	-10.291305541992188	28.0	0.6442334252342381
122.30425644918598	387.9179342591598	-37.104878071833205	6.914652181665475	-17.216344833374023	-36.74708545381237	-8.61603749813284	-17.216344833374023	24.0	0.6400471201888518
125.13261488712308	393.71692842982543	-37.851935297017164	2.80325675315089	-19.952302932739258	-35.14497356027585	-14.33380924950418	-19.952302932739258	26.0	0.6451972167086916
127.35326479795474	399.8181139163493	-39.08920590481144	2.5010906309216034	-10.170358657836914	-37.58699779035988	-11.01993964231706	-10.170358657836914	20.0	0.649274598051137
129.58216049317983	405.9419545092998	-32.69286095658024	5.9472934123147985	-11.611757278442383	-32.786753641484175	-5.4057600863408375	-11.611757278442383	20.0	0.6516855041203653
131.16440341655812	412.2879842586075	-28.13724515021772	8.27263262021713	-12.059986114501953	-29.2897004838133	1.5014861574580467	-12.059986114501953	14.0	0.6540304751896402
132.96080136198344	418.5527684003699	-24.36961267540273	12.06667345183041	-11.049476623535156	-26.806562085877953	4.570651953302585	-11.049476623535156	16.0	0.6517251408470159
134.09524419670345	424.9865134243131	-26.39761167401824	19.232380288041504	-16.52042579650879	-29.304574028982223	14.420828499639413	-16.52042579650879	10.0	0.6532995911399361
135.22561114587847	431.3971429526662	-30.920676334856463	19.52706341010244	-26.794925689697266	-33.78848280856776	13.990456029816707	-26.794925689697266	10.0	0.6509523822030271
135.56616915498972	437.89537687461865	-43.148831957887225	11.385335273210124	-29.360301971435547	-43.62042609136722	9.418385542170284	-29.360301971435547	3.0	0.6507151747268806
135.7931368170123	444.39488033132864	-47.07061012064492	1.906856176431162	-26.29340362548828	-47.1080189255835	0.33614061673754286	-26.29340362548828	2.0	0.6503465191987224
135.56497947486957	450.9284517692848	-46.38541559020038	-7.327854736848999	1.14363431930542	-46.61115330784437	-5.718795487914709	1.14363431930542	358.0	0.6537553939177083
135.56497947486957	457.4661328696458	-41.48054767910674	1.5453019626486404	24.520206451416016	-41.465721714536436	1.9020296020395007	24.520206451416016	360.0	0.6537681100361024
134.88609397169287	463.92529696955717	-42.23215219574755	26.32898862243301	23.71042251586914	-38.89972985315902	31.041606567899162	23.71042251586914	354.0	0.6494742981520358
134.66077331814168	470.3776362745209	-38.49883809044961	34.22735287006826	13.056692123413086	-37.07704775497813	35.76261663499882	13.056692123413086	358.0	0.6456272291601131
133.9872353853735	476.78592164062076	-32.13447972970238	35.54562745378164	7.39751672744751	-28.178512081382163	38.756778445338924	7.39751672744751	354.0	0.644358399341914
133.87446280659034	483.2466583521098	-34.44330636565867	35.9059899695535	10.898787498474121	-33.75722058501565	36.55176503900866	10.898787498474121	359.0	0.6461720862874506
133.53598557932725	489.7051885912004	-40.10582159024759	51.122504686690945	0.8709076046943665	-37.0190631235216	53.400153336167776	0.8709076046943665	357.0	0.6467393577216637
133.53598557932725	496.20157185800656	-40.65842326645208	53.41485180106281	-23.040983200073242	-40.251324575280655	53.72229188501625	-23.040983200073242	360.0	0.6496383266806158
133.08248241901683	502.68696919996984	-40.250998081231884	34.80891024857425	-35.134849548339844	-37.6756867973586	37.581188160780236	-35.134849548339844	356.0	0.650123402128828
133.08248241901683	509.2069509248453	-31.70940124826301	30.356119797280464	-36.90373992919922	-31.420862656055014	30.654681968983372	-36.90373992919922	360.0	0.6519981724875423
132.62619130732517	515.7322178290517	-27.545320679212754	24.39243005225765	-40.99213790893555	-25.668021464558183	26.360728542093227	-40.99213790893555	356.0	0.6541200940938995
132.85492323418904	522.282243220615	-17.279279615152376	13.920830196884065	-42.33047866821289	-17.677032376394678	13.412141654224879	-42.33047866821289	2.0	0.6554017922197872
132.62636202109107	528.8273800095391	-12.533011959130931	4.273077220703611	-36.33849334716797	-12.382317621683873	4.691885337212756	-36.33849334716797	358.0	0.6549126339738774
132.97080869626384	535.3998141001443	-10.83811658285546	4.07854686377851	-28.174659729003906	-11.032844049274445	3.5179067309969323	-28.174659729003906	3.0	0.6581453744226151
132.6265463263907	541.9687314361353	-13.141212785143685	6.693448737806594	-22.745149612426758	-12.703244249636759	7.491416088039638	-22.745149612426758	357.0	0.6577932163407605
132.9716051845024	548.5528466730764	-13.452963630609588	8.853455003867705	-18.607730865478516	-13.84240401527436	8.231266429288429	-18.607730865478516	3.0	0.659315092113637
132.6267509113335	555.1330581967596	-8.81439121740304	9.155408271607682	-16.795684814453125	-8.33214435811381	9.596372416116747	-16.795684814453125	357.0	0.658924185063323
132.97126573410398	561.7067926209917	-2.5285609335400565	6.694572029423502	-12.249370574951172	-2.8822746349408566	6.55006931112496	-12.249370574951172	3.0	0.6582755862360561
132.62693795727748	568.276957996	1.7617724471132994	5.60772365185969	-6.535226345062256	2.1104712456625245	5.486011103913829	-6.535226345062256	357.0	0.6579181915166401
132.3976404472359	574.8431795706925	2.5052849569562112	12.777439197801897	1.6743381023406982	3.002399267941778	12.669846242355831	1.6743381023406982	358.0	0.657022397761826
131.7091990849201	581.3932615971264	3.5250160102177297	28.518243930486467	-7.680102348327637	6.456586486049016	28.000508311443006	-7.680102348327637	354.0	0.6586161709399484
131.5941203157661	587.9861198664731	-1.0462777700751698	32.03488941372848	-23.94118881225586	-0.27184003665353557	32.05081808497934	-23.94118881225586	359.0	0.6593862546550653
130.78643907553248	594.5641556903118	-9.6453945332258	20.21661788805259	-46.213218688964844	-7.265762010561598	21.18853409131906	-46.213218688964844	353.0	0.662743572473779
130.9021386574962	601.192580301709	-14.985954527345635	3.964483388854809	-53.05618667602539	-15.002476273326094	3.90149552152305	-53.05618667602539	1.0	0.6629434306352335
130.32275226941823	607.8149970209483	-7.737010550360872	-6.942881548131965	-47.75389099121094	-8.314123360127292	-6.240215477078691	-47.75389099121094	355.0	0.6647713275251234
130.2075265917118	614.4162716756282	-7.927610379864805	-8.047517116123585	-34.164920806884766	-8.04581649268719	-7.9293363552850415	-34.164920806884766	359.0	0.660228021393535
129.6345653311235	620.9652488516085	-12.30527490187499	1.6377518624385061	-28.28692054748535	-12.098709075007326	2.7790754383374843	-28.28692054748535	355.0	0.6573993204867656
129.74976822730514	627.5652183536076	-10.639183858046934	13.58744299707681	-40.008968353271484	-10.837816795574778	13.429540851037883	-40.008968353271484	1.0	0.6600974862443254
129.4046784770166	634.1499230483972	-11.942749028655674	3.5519847922858325	-52.944217681884766	-11.775083324885848	4.073482910002342	-52.944217681884766	357.0	0.6593741187925032
129.51964434606197	640.7363132748527	-3.2438159454698225	-3.9580350159607915	-58.121124267578125	-3.197604279304324	-3.995461168454863	-58.121124267578125	1.0	0.658739351839514
129.2898393036093	647.3170686762182	-2.713465679273467	-25.67896487659617	-40.69112777709961	-3.7075637127449705	-25.554375446134294	-40.69112777709961	358.0	0.6584766663302405
129.2898393036093	653.8659297109716	-0.3433799462591854	-23.989694154098352	-17.82329750061035	-0.42429156090661885	-23.98839953114874	-17.82329750061035	360.0	0.6548861034753328
128.72002653691055	660.3789194371196	-4.532894535695639	-11.634311534993897	8.863816261291504	-5.591458459652749	-11.164225457191785	8.863816261291504	355.0	0.6537868288823353
128.72002653691055	666.8808181104837	-12.426461727336545	5.196600945420908	21.390239715576172	-12.441836147004967	5.159682716794711	21.390239715576172	0.0	0.650189867336404
128.72002653691055	673.3480375347309	-18.401455371861033	25.458562875165445	20.87415313720703	-18.167394280036532	25.62611497174399	20.87415313720703	360.0	0.6467219424247196
129.6212149800527	679.7603264972272	-17.720721517341577	33.25329445604667	9.26791763305664	-22.204070537876945	30.44314068595259	9.26791763305664	8.0	0.6475306197285545
130.4107515153454	686.1905855581937	-11.33750212356489	29.688107372950604	1.806918740272522	-14.625526071250247	28.21376722326995	1.806918740272522	7.0	0.647854918416946
133.3373126628295	691.9342852112492	-2.4745120087732544	26.89769152257426	0.3640614151954651	-14.094098674761929	23.04268650724564	0.3640614151954651	27.0	0.6446304821715594
137.98890236716366	696.4262731737329	1.947258738306034	20.99267653438923	-8.503744125366211	-13.44647588273961	16.23812091980804	-8.503744125366211	46.0	0.6466470647313369
144.0874161157605	698.7672732689882	-3.3442177668954027	10.94986067702097	-15.397685050964355	-11.416633536746252	0.8623920258384593	-15.397685050964355	69.0	0.6532392470436095
150.50461305841847	700.0146499944997	-11.461890417220717	6.293826142696743	-18.427675247192383	-8.421671804203093	-10.003130683598991	-18.427675247192383	79.0	0.6537305660301242
157.05501012749193	700.1289876006459	-12.414589197326622	6.049232009879344	-23.45021629333496	-6.35304444488544	-12.261894597860397	-23.45021629333496	89.0	0.6551394878245811
163.57688621240206	700.6995778229964	-20.78345197902665	-0.07284317630536669	-32.335540771484375	-1.8905309582934833	-20.69741710911231	-32.335540771484375	85.0	0.6546788592032335
170.12629685199897	700.4708673637442	-29.661171723932608	-4.50259010504228	-37.44628143310547	5.554938491752562	-29.482216403172433	-37.44628143310547	92.0	0.6553402795512908
176.70564694930638	700.5857103468782	-43.36787212848389	-8.052106323205273	-30.615999221801758	7.476607651551835	-43.47078429494329	-30.615999221801758	89.0	0.6580352316837917
183.29283490247826	700.2404904545324	-44.919157109248296	-12.162388904507605	-26.169239044189453	14.314764000846736	-44.28026547876473	-26.169239044189453	93.0	0.6596227854196953
189.89167417980923	700.4709269998492	-44.736965001475056	-11.904548120399236	-12.808061599731445	10.242446043484895	-45.14650155372402	-12.808061599731445	88.0	0.6602861562191304
196.51667971506274	700.0076614836609	-38.36820410595292	-10.863977801597354	-9.418087005615234	13.272472339544398	-37.6030128844178	-9.418087005615234	94.0	0.6641183123557803
203.14721221043348	699.7761181867825	-33.23318958589294	-11.186428469792439	-3.7664685249328613	12.243217915296048	-32.858555766196716	-3.7664685249328613	92.0	0.6634574098651449
209.65790202796993	698.7449262239053	-29.933847446343947	-14.089863685392517	-6.169709205627441	18.677003931675067	-27.308039214673194	-6.169709205627441	99.0	0.6591846385078711
216.10739755836823	697.4912712889242	-25.654439378066854	-19.713652928478346	-0.4734257459640503	24.248149438795636	-21.419748373434384	-0.4734257459640503	101.0	0.6570208770855781
221.87390285876884	694.2948452056618	-21.591503204067457	-23.558513659907355	-4.919743537902832	30.99673208967075	-7.771690693566763	-4.919743537902832	119.0	0.6593157292626097
226.20843833154615	689.3085325378	-23.13829932207119	-18.23067223179778	-19.617294311523438	29.397067613281486	-1.8843357665658689	-19.617294311523438	139.0	0.6606929073816654
228.15317359192284	682.9475901191385	-27.57101652952399	-12.399921025314336	-20.671947479248047	29.988107071744064	3.8252356997878207	-20.671947479248047	163.0	0.6651585050683789
229.079464649406	676.3566867746075	-33.70160362937839	-3.143681605825071	-17.484752655029297	33.80017127608321	-1.7970094429279904	-17.484752655029297	172.0	0.6655675925112525
228.73175170362683	669.7219285281028	-36.18961029802087	10.358810086264969	-11.759978294372559	36.682307842631154	-8.449919009337517	-11.759978294372559	183.0	0.6643863430431446
228.49982754355128	663.0804895377515	-22.8732520762363	22.21538575620478	-13.89499568939209	23.543135978714496	-21.50418036400815	-13.89499568939209	182.0	0.6645487241623819
228.15378763000993	656.4776546480596	-20.061540383825715	22.43726771872253	-8.68075942993164	21.182243847939073	-21.38244445380241	-8.68075942993164	183.0	0.6611896263727777
228.49951547646714	649.8807743530559	-20.863638678228277	12.5317458671849	-5.813561916351318	20.228941185957513	-13.532405989713757	-5.813561916351318	177.0	0.6605933497275267
228.8443053512575	643.3017916236363	-20.872305611224668	7.757712550201486	-11.463136672973633	20.49112632034678	-8.714871637810036	-11.463136672973633	177.0	0.658801137003873
229.64643566678208	636.7689644536235	-20.71525841176107	12.288405158348422	-19.481496810913086	18.996356871858918	-14.80760811200581	-19.481496810913086	173.0	0.6581887561812394
229.64643566678208	630.2177859484912	-28.095980019642997	14.17431373304222	-17.25174331665039	28.213634513816167	-13.938654547254151	-17.25174331665039	180.0	0.6551178505132353
229.7611063704642	623.6483057343704	-37.57414399358008	12.11858049466518	-20.70402717590332	37.18674458561476	-13.259800797154561	-20.70402717590332	179.0	0.6570480930191216
229.0749101983347	617.1195852656379	-45.720877371708845	6.183572032784975	-26.509302139282227	46.108976996953906	-1.611654745239868	-26.509302139282227	186.0	0.6564682486266417
229.18914403060944	610.5751333976822	-53.40820142100376	-1.0748000938108666	-39.517948150634766	53.418883921284475	0.11838442675988962	-39.517948150634766	179.0	0.6545448771507204
229.0741190159993	603.9853547240893	-67.87330950688377	-1.2011458637596297	-57.89034652709961	67.8495864458817	2.159285512870527	-57.89034652709961	181.0	0.6590782481687936
229.53454422274203	597.4009675062839	-65.72987635221976	44.83435414439654	-70.42394256591797	61.89197601737873	-49.99919260835601	-70.42394256591797	176.0	0.6600465620318288
229.41876256827035	590.7678409640555	-60.324359711499774	51.960531351294115	-49.3187370300293	60.56156643622482	-51.683864635899305	-49.3187370300293	181.0	0.6634136953419629
229.30221014814862	584.0905572873098	-52.66612041691652	45.04136910798362	-23.681488037109375	53.57684340137812	-43.95414681272949	-23.681488037109375	181.0	0.6678300814306796
228.83726982345672	577.4416008746038	-47.22735175602329	27.54179475110345	-17.753475189208984	49.26777814655429	-23.699351225317816	-17.753475189208984	184.0	0.6665192486612106
229.06905364783614	570.8041805727919	-42.362047990736414	19.33821947329989	-19.365428924560547	41.81352828694603	-20.497285053482912	-19.365428924560547	178.0	0.6641466103515674
228.83669815433814	564.150389809306	-39.424764307648346	19.65347319584688	-20.917333602905273	39.92724899827921	-18.611443705497614	-20.917333602905273	182.0	0.6657846543711317
229.18361503765618	557.5308213394339	-38.21748382567574	23.657030070283096	-19.83221435546875	36.90111856845368	-25.662006743608117	-19.83221435546875	177.0	0.6628652808169695
229.06782667247342	550.8973103408241	-34.8542853160567	23.107777302949756	-16.55986976623535	35.17835986490337	-22.611359401662728	-16.55986976623535	181.0	0.6634521468364494
229.53039366723937	544.2822941273059	-30.902184130659055	12.250347844642299	-17.923545837402344	29.82961079973842	-14.670048598965776	-17.923545837402344	176.0	0.6631169408916915
229.53039366723937	537.6903804475141	-36.1955965996883	-9.622054729242468	-23.221986770629883	36.09919171715699	9.977650414193146	-23.221986770629883	180.0	0.65919136797918
229.645464458113	531.0979792535431	-39.08980505587702	25.072231874584357	-49.60887145996094	38.62003168908177	-25.789975238718483	-49.60887145996094	179.0	0.659340540154955
230.44665997024964	524.5727654461638	-30.66460595572373	30.472146457087426	-44.56782150268555	26.371949814923553	-34.2547811419245	-44.56782150268555	173.0	0.6574217024154492
230.90015375998408	518.0875021096803	-33.67987535379353	19.268461017929106	-39.298927307128906	32.0625994874217	-21.853999815953777	-39.298927307128906	176.0	0.6501099688580807
231.24259702482533	511.55329536545236	-37.89792079558002	16.66146714511494	-41.267032623291016	36.89214480554266	-18.783677480798943	-41.267032623291016	177.0	0.6543173936702935
231.24259702482533	504.9339104975278	-43.591850347393894	-1.733653838712282	-44.16195297241211	43.58586891774624	1.8780316895912919	-44.16195297241211	180.0	0.6619384867924576
231.70473241998369	498.32506644595446	-40.49470639323293	-4.449382458643884	-59.167327880859375	40.71250914309232	1.4525320688551508	-59.167327880859375	176.0	0.6624982175181625
231.5883135073706	491.65543140925655	-45.56576632951111	4.959070089825944	-57.86709213256836	45.64775395890596	-4.136906556667724	-57.86709213256836	181.0	0.6670651009156617
231.5883135073706	484.954362809526	-36.08969095917693	13.394162374291176	-34.16606903076172	35.96254627790983	-13.73188422784608	-34.16606903076172	180.0	0.6701068599730554
232.05817600871907	478.2350159911978	-25.64876952259993	3.3905756219433365	-28.246681213378906	25.30290363252553	-5.396151298350878	-28.246681213378906	176.0	0.673575477843057
232.05817600871907	471.4362164264427	-19.927502513575302	0.55131768354313	-24.437135696411133	19.92826650573113	-0.5229738935091252	-24.437135696411133	180.0	0.6798799564755165
232.4149088818789	464.6293477126746	-11.18710458325642	9.648996100485826	-20.882307052612305	10.622924928244352	-10.266834988095999	-20.882307052612305	177.0	0.6816210092805819
232.4149088818789	457.80221577899243	-14.990333536211482	13.980130054629706	-22.233177185058594	15.100517931330105	-13.8610423156704	-22.233177185058594	180.0	0.682713193368215
232.53493268637334	450.92605662472704	-28.673706725245893	33.93019193402512	-13.452375411987305	28.027661271562767	-34.465774120012675	-13.452375411987305	179.0	0.6877206586138962
233.13493375287203	444.0680130529344	-27.77810024250168	25.957990660327255	-0.08139944076538086	25.33011227198106	-28.351817304944376	-0.08139944076538086	175.0	0.6884240184102041
233.37524673136406	437.18634973366466	-26.48372943708788	10.7058485684915	0.18452692031860352	26.103896355895056	-11.601280684003617	0.18452692031860352	178.0	0.6885857997912417
233.01459996073768	430.3047994073553	-27.166169884868744	0.7323082841222076	-14.814630508422852	27.17387360994598	0.3430082611613954	-14.814630508422852	183.0	0.6890994194359197
232.18013282429706	423.5086099654229	-26.42585463068176	0.7406247097585877	-20.29120445251465	26.344365673322713	2.201979834804418	-20.29120445251465	187.0	0.684722763842657
229.18215023587996	417.3618347474035	-25.97955729144384	3.628526100173829	-24.1152286529541	25.000983972512465	7.940680016549599	-24.1152286529541	206.0	0.6838914035233199
223.37668219131598	413.73417569286653	-11.51994883677946	19.748299278709574	-22.173654556274414	22.85069246458697	-0.7418891375169602	-22.173654556274414	238.0	0.684568253955864
217.32144663216394	410.64887907279495	-9.865731716464534	15.448133860213472	-17.34019660949707	18.246148491922977	1.7480180991697793	-17.34019660949707	243.0	0.6795949743092902
210.94388645613057	408.20076308994163	-21.837840557073708	12.389027211922148	-13.523797988891602	19.548674038086222	15.755272730313955	-13.523797988891602	249.0	0.6831291654177039
204.51507803413958	405.86086818253705	-48.10036822642303	9.64856800478288	-38.54737091064453	25.968355270800956	41.6219270648281	-38.54737091064453	250.0	0.6841395026188766
198.33610010539894	402.9795634547946	-36.96164716556369	11.152298608383614	-60.67933654785156	25.979642006153725	28.558629635790826	-60.67933654785156	245.0	0.6817747808329003
191.95338239728102	400.6564441953158	-34.48045596242159	10.171017756838625	-61.50070571899414	21.5889380625893	28.74489865899867	-61.50070571899414	250.0	0.679234631296749
185.73993004253683	398.01899014900863	-22.351708204222795	12.595913510332553	-48.336360931396484	20.36817927399179	15.601063100604074	-48.336360931396484	247.0	0.6750048445089718
179.75665385008475	394.9703586576002	-23.25816788781554	12.087180314276807	-49.037872314453125	21.416865262524702	15.111591040473444	-49.037872314453125	243.0	0.6715187857801993
173.5783345826126	392.21959369272713	-21.951967895245943	16.43083598683939	-48.7856330871582	23.8506108826411	13.528105049310012	-48.7856330871582	246.0	0.6763012410367917
167.56868525402132	389.28849186932024	-17.04915343350188	19.83653993970682	-44.306941986083984	25.301424893571436	6.633238118267448	-44.306941986083984	244.0	0.6686347504566075
