0.0	0.0	7.0908176203649695	10.861926391340736	-31.3410701751709	7.525693784468217	10.565276736489167	-31.3410701751709	357.69557869762866	0.0
-0.3244085269354897	6.190083445120681	1.444016198989388	11.21778306406334	-21.150794982910156	1.9875065660310234	11.13434584092454	-21.150794982910156	357.0	0.6198578381363389
-0.7479922912444825	12.247613490265284	-9.835308919065733	8.6051693490575	-12.198383331298828	-9.235427951578238	9.246032209040806	-12.198383331298828	356.0	0.6072321916138483
-0.7479922912444825	18.299099540542485	-9.428050972489222	4.224238364101617	-8.89096450805664	-9.474670591319871	4.118610455309075	-8.89096450805664	0.0	0.60514860502772
-0.954901725590252	24.224210509092764	-7.944631827395402	7.467099556862533	-10.48013687133789	-7.6849965822343425	7.73405315445964	-10.48013687133789	358.0	0.5928722586161044
-0.44280272561762046	30.07752886297172	-6.584967283940123	7.543266478378479	-13.998175621032715	-7.117899858300854	7.042596460226222	-13.998175621032715	5.0	0.5875677079080269
-0.5441056722988372	35.88117079142148	-3.7452862885614886	13.132204656752096	-10.692371368408203	-3.487499073139261	13.203004156060883	-10.692371368408203	359.0	0.5804525985872261
-0.33852468504475525	41.76824001258122	-10.823317334715135	17.716549512731333	-6.68054723739624	-11.383085395357828	17.36219144137621	-6.68054723739624	2.0	0.5890657650640263
-0.4426661939716877	47.73450306317456	-9.692193197707304	26.87445250955822	-13.824728012084961	-9.092226591349478	27.083320001095533	-13.824728012084961	359.0	0.5967171879773272
-0.12945319034567554	53.710963197736405	-17.381453428936236	26.873516334670448	-23.288267135620117	-18.566584267280806	26.06880803063384	-23.288267135620117	3.0	0.5984661905709251
-0.4435320544409928	59.70394493426561	-20.208409857284902	19.50730584212962	-32.21871566772461	-18.944337829878492	20.737089341704362	-32.21871566772461	357.0	0.600120618103094
-0.3404070460299711	65.61197270930478	-25.225048228233664	17.82312766482915	-30.59577178955078	-25.48622931684339	17.447608807019517	-30.59577178955078	1.0	0.59089277333535
-0.3404070460299711	71.50730300914951	-33.1915037563491	5.655267740778595	-26.896869659423828	-33.213217311910114	5.526316188878573	-26.896869659423828	0.0	0.5895330299844733
-0.6468606722347021	77.35478653921199	-32.94766075787418	5.405339082506758	-24.786373138427734	-32.6984293117606	6.751204378230046	-24.786373138427734	357.0	0.5855508300682869
-1.5613136686161093	83.12841553021421	-38.494793866435685	6.192704039619848	-21.375207901000977	-37.09620841152599	12.002918796289796	-21.375207901000977	351.0	0.5845598002628335
-1.868343502323952	88.98689375440406	-39.919475199281436	12.245257352939657	-19.527801513671875	-39.1917882710482	14.40536566502554	-19.527801513671875	357.0	0.5866518083334722
-2.591173862034516	94.87387461254436	-39.37009055872506	18.01638019033295	-17.220149993896484	-36.77687223328556	22.84853725080499	-17.220149993896484	353.0	0.5931191056864509
-2.8987913446470333	100.74356584580869	-32.94739207459086	21.968744004723302	-19.673322677612305	-31.698111895338375	23.735754884403544	-19.673322677612305	357.0	0.5877746480537335
-3.5061202992578853	106.52191486357829	-29.056268924006897	18.041277633646807	-22.40541648864746	-27.099314604462755	20.865800018376603	-22.40541648864746	354.0	0.581017777957505
-3.9126854961123523	112.33606805538838	-20.909019974851276	19.18615659954411	-25.0928955078125	-19.616277985120444	20.506032268126337	-25.0928955078125	356.0	0.5828350761332813
-4.519123566811667	118.10594087893722	-17.06657020874462	12.800305645037602	-28.450374603271484	-15.48835487850282	14.670600071365476	-28.450374603271484	354.0	0.5801654896106881
-5.031133844476352	123.95824513219591	-11.080222685592235	4.837813373410649	-32.950904846191406	-10.65015291926761	5.722762951099697	-32.950904846191406	355.0	0.587465910476038
-5.647473467194366	129.8223249303131	-13.254854111368314	-1.0335078250654939	-31.92931365966797	-13.288798250961893	0.40882390262954327	-31.92931365966797	354.0	0.5896380789027985
-6.16192244345255	135.70250363604617	-15.60958446787766	-0.6077123843968116	-30.661602020263672	-15.606268152686237	0.6876306773319809	-30.661602020263672	355.0	0.5902640033114812
-6.677972669809218	141.60098471415472	-22.584688612663964	6.018879598817652	-27.668350219726562	-21.925980331319924	8.096076695945303	-27.668350219726562	355.0	0.5921012317579425
-7.0952799430036535	147.56875675460682	-29.808575480434794	14.827961854200039	-24.774309158325195	-28.824901770908607	16.659671750063378	-24.774309158325195	356.0	0.5982344731546544
-7.611645456002449	153.47084157552524	-29.573207069394723	17.603214309222054	-24.55933380126953	-27.977097609222955	20.04319684455824	-24.55933380126953	355.0	0.5924629826101383
-7.714762067885497	159.37838831379892	-20.5362032752246	25.66138188487536	-29.573772430419922	-20.014395873217758	26.07040703619487	-29.573772430419922	359.0	0.5908446623312608
-8.227632175000426	165.24052046264535	-19.127889142765515	22.220933136515654	-40.671390533447266	-17.18021965048642	23.758915490326288	-40.671390533447266	355.0	0.5884524541312669
-8.329229636359845	171.061035125709	-10.054807862760647	20.005990903214403	-46.948577880859375	-9.576231665595376	20.23943231079813	-46.948577880859375	359.0	0.582140129067682
-9.032542944368302	176.78906235353463	-12.133314890905513	13.855141473055646	-47.027706146240234	-10.38805199305835	15.207585320154298	-47.027706146240234	353.0	0.5771043712530151
-9.233052339002608	182.5309001638867	-7.87355836043173	12.177527741956796	-48.26661682128906	-7.422436253437809	12.457629920049154	-48.26661682128906	358.0	0.574533771485415
-9.732889620055754	188.2440664291942	-12.377145628306826	8.200505859909567	-45.85927963256836	-11.545278947951704	9.33533953730174	-45.85927963256836	355.0	0.5734989632299092
-9.932838861846806	193.9698635608497	-14.652033519707935	2.6247907158972104	-43.42915725708008	-14.55759817014883	3.1061146278565586	-43.42915725708008	358.0	0.57292872586533
-10.235119546062185	199.73772261442338	-20.203578592514322	7.470301536629986	-38.75920486450195	-19.678565159590253	8.760369070526648	-38.75920486450195	357.0	0.5775774551862434
-10.435211147555249	205.467596394563	-21.83333091666114	8.523665167036631	-39.13649368286133	-21.51838195378849	9.290126204043437	-39.13649368286133	358.0	0.573336639203528
-11.035667809101515	211.18055991147992	-24.89508106859199	9.62683575634306	-40.45444869995117	-23.737380198900983	12.205646618848016	-40.45444869995117	354.0	0.5744432117104264
-11.23702287954334	216.94661470845136	-24.907234147342958	10.068334238171634	-42.927310943603516	-24.64257540977951	10.69977309925013	-42.927310943603516	358.0	0.5769569462799624
-11.740500490417832	222.70139013401612	-31.659361299249	2.335178461640912	-40.384117126464844	-31.3066050008869	5.259724293396038	-40.384117126464844	355.0	0.5776757732788877
-11.842420755331073	228.54039820029254	-22.374046854395438	6.583214645233638	-44.96412658691406	-22.204612121431193	7.133855075952411	-44.96412658691406	359.0	0.5839897510953512
-12.35416466443096	234.3896578469238	-24.008736765055026	-1.4095408316351234	-45.126888275146484	-24.03869669488024	0.7398024204511575	-45.126888275146484	355.0	0.587160286823024
-12.763622671696798	240.24518015497083	-13.479479221707635	-5.318224097439554	-41.32994842529297	-13.844715713660918	-4.2782840540274	-41.32994842529297	356.0	0.58698208967353
-13.27664699239195	246.109074973105	-13.784660635743464	-3.0608763122520526	-32.36581802368164	-14.009557530779652	-1.7658228771018567	-32.36581802368164	355.0	0.5886293943710724
-13.069566852495244	252.03907430904863	-11.338741881239825	3.4895725049545865	-29.520694732666016	-11.443404500131734	3.129325352704933	-29.520694732666016	2.0	0.5933613933230873
-13.788221565588396	257.8920472545759	-11.697766532274816	6.68559303948427	-25.110671997070312	-10.81697002371265	8.03293568001831	-25.110671997070312	353.0	0.5896927750763559
-13.993447592369481	263.76895173772556	-9.285187225348292	6.691288894152005	-24.161935806274414	-9.019168571920643	7.045753838025569	-24.161935806274414	358.0	0.5880486716772056
-14.715510143325798	269.64967929538085	-12.961005464969965	4.7493993666813035	-16.856901168823242	-12.293635783004392	6.277816200084873	-16.856901168823242	353.0	0.5924890795184297
-14.819261558878237	275.5935939115171	-16.009287877966	9.312641304930674	-8.201569557189941	-15.862916860511442	9.559835516910939	-8.201569557189941	359.0	0.5944820041022851
-15.028150126972696	281.5753798553756	-21.342503081456943	18.92500770776715	-7.973862648010254	-20.66402220424976	19.663584130654257	-7.973862648010254	358.0	0.5985432107377368
-14.610430349937321	287.5490509755866	-25.62390961977428	24.42223975776991	-11.824413299560547	-27.08156887646123	22.7951566385898	-11.824413299560547	4.0	0.5988258216256999
-14.188649456591099	293.58079876478877	-30.018303090070155	20.680376312907807	-22.53648567199707	-31.136018482258034	18.95586552820208	-22.53648567199707	4.0	0.6046476702554703
-12.493644776702027	299.4919825678119	-27.471744165117705	14.088393987403963	-28.235586166381836	-30.31725402379536	5.83469631383356	-28.235586166381836	16.0	0.6149401175559158
-9.988344284939316	305.1189796019912	-27.932577464718246	0.6166977547941331	-31.742504119873047	-25.910713355986047	-10.451991835395775	-31.742504119873047	24.0	0.6159515092658661
-6.165242545652893	310.01232668221365	-21.216868541410264	-2.484908385129162	-35.737422943115234	-15.169811369353646	-15.040182957803356	-35.737422943115234	38.0	0.6209746577474524
-1.8146641094627372	314.5174825354121	-20.108313035919288	-6.7432121417748485	-33.0118522644043	-9.754115960208784	-18.832747674577426	-33.0118522644043	44.0	0.6262903638972205
3.2987610342072093	318.23260336606023	-9.508642511580556	-5.916535941123031	-34.51487350463867	-0.7755740325559296	-11.172205014036509	-34.51487350463867	54.0	0.6320541075432682
8.277620563894446	322.12251475300087	-13.388716873248873	-7.135868179675976	-27.834733963012695	-2.742149938116803	-14.921761555078449	-27.834733963012695	52.0	0.6318263433460797
13.421607475967479	325.8598400081249	-6.057415308892022	-4.801928306869392	-27.61672592163086	0.2751111886543826	-7.724966635694302	-27.61672592163086	54.0	0.6358317498691501
18.574972308258477	329.6039787211115	-2.073130135652485	0.09912501483066265	-31.50413703918457	-1.3014783743023972	-1.616740043772919	-31.50413703918457	54.0	0.6369909245568478
24.074608919133322	332.7791953988452	5.07221869961575	-2.73210498221543	-36.51969909667969	4.90587433105053	3.0206286131395856	-36.51969909667969	60.0	0.6350433355467425
29.446602601174273	336.13598960940317	-0.14773558795485103	-4.050043159965663	-44.98834228515625	3.3355949891702945	-2.301843059323342	-44.98834228515625	58.0	0.6334538932860317
35.01964447690076	338.975596276184	-7.025493972566668	-9.964839880584472	-48.385440826416016	5.689217944108868	-10.783709871314556	-48.385440826416016	63.0	0.6254771120562849
40.54073582872727	341.9112126210148	-15.385532365201074	-7.884474556977894	-46.471107482910156	-0.2753508682357049	-17.285940156660363	-46.471107482910156	62.0	0.6253022712196973
46.07551481589911	344.73132337230584	-17.725404673866347	-8.785463752058845	-40.767601013183594	-0.049535141334169516	-19.78312135283095	-40.767601013183594	63.0	0.6211827676810295
51.08994123361169	348.37451741832757	-24.0832156455665	-0.24483052468707417	-28.414981842041016	-13.846315844827187	-19.706363321068785	-28.414981842041016	54.0	0.6198171920463499
56.15641948919054	351.9221036850595	-18.800826609781904	5.1819554619583945	-24.584518432617188	-15.107528163888292	-12.332328912177369	-24.584518432617188	55.0	0.6185027908923131
60.87844042357355	355.88434970951164	-11.88546430824299	11.308935067334668	-22.883638381958008	-16.311810871035085	-1.7553063229224086	-22.883638381958008	50.0	0.6164160548123195
66.21678576226438	358.8434428505287	-10.688480083151909	16.265435381380854	-25.896764755249023	-19.393209198945158	-1.6466425233668964	-25.896764755249023	61.0	0.6103618858704734
70.29629833697398	363.37420057040424	-8.236997348571826	14.694488269835432	-33.00950622558594	-16.007218898534862	5.248338210052659	-33.00950622558594	42.0	0.6096735877781281
73.70502802754473	368.42785016185496	-3.5318458468891216	10.854632073775973	-36.94170379638672	-9.132106149894724	6.848474998880333	-36.94170379638672	34.0	0.609580284265726
75.28451153466321	374.3225628601382	-4.942002644923459	3.4513496382010795	-38.616371154785156	-5.660766407457185	2.071455562580443	-38.616371154785156	15.0	0.6102655646893489
77.58622850256627	380.0195122676803	-4.830088580889873	2.8618014848791207	-41.01470947265625	-5.5507809020389125	0.8417213408600059	-41.01470947265625	22.0	0.6144357863310617
79.48887080062195	385.8752431455395	-5.657494816447042	-5.7781068185608895	-44.74174118041992	-3.6277446537187643	-7.227256376540128	-44.74174118041992	18.0	0.6157079813374591
81.88075219404712	391.51016258501	-9.84499303979	-11.207120014469117	-48.06688690185547	-4.64206829086374	-14.176552082759233	-48.06688690185547	23.0	0.6121553208911622
83.35224423199043	397.4119947946428	-8.884155749682588	-21.91109512163202	-44.96208190917969	-3.432217553441086	-23.39325106691405	-44.96208190917969	14.0	0.6082508713383799
85.00817817165739	403.18692273388376	-13.00998714821978	-29.846025833364635	-36.12199020385742	-4.567261330748869	-32.236394767085216	-36.12199020385742	16.0	0.6007654277333756
86.04710321801689	409.07895946124785	-15.317157483876612	-31.776256739792718	-15.554397583007812	-9.497600411889884	-33.972656537208984	-15.554397583007812	10.0	0.5982930891173663
87.50324883053274	414.9192405203783	-14.801483907658096	-25.954199771124618	-5.166117191314697	-7.993024872238624	-28.78916402085829	-5.166117191314697	14.0	0.6019073258773926
88.44863847401822	420.8881958138929	-16.898289482433107	-12.439445662822639	2.194438934326172	-14.703989796224725	-14.969458236788181	2.194438934326172	9.0	0.6043359072071173
89.08760746610201	426.9675796795253	-18.60158217850024	-7.502981171220863	-3.7957844734191895	-17.626613861975773	-9.571628375568915	-3.7957844734191895	6.0	0.6112870811538252
88.8742778702965	433.07654001775427	-22.89773233537361	-6.301217974492785	-6.02817440032959	-23.07531196611675	-5.616179460351523	-6.02817440032959	358.0	0.6112684020174869
88.8742778702965	439.1474239389626	-25.661198654135788	-2.3412082819886777	-8.026235580444336	-25.664273487386865	-2.3072578857345944	-8.026235580444336	360.0	0.607088392120833
88.55687629929098	445.20380670021865	-32.358026340140675	4.092243707371516	-6.985862731933594	-32.09798694405107	5.788571613903222	-6.985862731933594	357.0	0.6064694213900317
88.55687629929098	451.30786809161646	-32.83993654644305	7.161840738404679	-19.974472045898438	-32.862808582894544	7.056146765814297	-19.974472045898438	0.0	0.6104061391397798
88.23565255538146	457.4371822564978	-33.836628089037305	1.733144036002417	-25.271535873413086	-33.66389749976863	3.829254994177152	-25.271535873413086	357.0	0.6137725704645538
88.1271320637868	463.6543170561074	-32.58642375613511	0.8601762913111862	-24.467578887939453	-32.5716191785085	1.305580543956481	-24.467578887939453	359.0	0.6218081843592352
87.6895503917157	469.91202650845014	-33.45958910046173	-1.618451934974696	-19.794710159301758	-33.48668727402173	0.8973655049261614	-19.794710159301758	356.0	0.6272990141046928
87.47054886544022	476.1834096842197	-30.932851913149815	3.5664090029598166	-20.13718605041504	-30.82133968193664	4.4278234910536876	-20.13718605041504	358.0	0.6275205861630077
86.92723857991514	482.3934746643995	-33.25535997464789	3.9426516242311824	-14.578439712524414	-32.80106297185783	6.749350842094563	-14.578439712524414	355.0	0.6233786419537704
87.36042683332609	488.5883553027574	-31.517083862454406	6.34422600236841	-13.61624526977539	-31.812014940209163	4.6445111912902535	-13.61624526977539	4.0	0.6210007905501824
87.36042683332609	494.8013605990743	-32.67241965388764	18.063276599961064	-14.056392669677734	-32.51783605875212	18.340101025418715	-14.056392669677734	360.0	0.6213005296316924
86.92350301216715	501.0496623450757	-32.69151514551232	29.67961542938331	-25.19552230834961	-30.205272656098284	32.20646267934607	-25.19552230834961	356.0	0.6263559462045523
86.16362976256504	507.2383333311861	-43.155128955187294	28.44351047611382	-37.93830490112305	-39.05738267389485	33.85142983698886	-37.93830490112305	353.0	0.623514682503828
85.72755763605373	513.4744552762788	-43.05402755643238	26.236493347691262	-55.239280700683594	-40.94772776967068	29.415751945419096	-55.239280700683594	356.0	0.6251349919304391
85.18492566899087	519.6767670409577	-56.027986993406316	2.46796339130844	-54.30484390258789	-55.50385836663297	8.034169294388391	-54.30484390258789	355.0	0.6226003588013068
84.96884126262586	525.8646148321147	-55.712060303011185	-4.882058512339619	-48.73728942871094	-55.869562812910154	-2.5020211067354317	-48.73728942871094	358.0	0.6191619558500205
84.32223447588024	532.0166674597863	-62.93002083563462	-5.451014108623044	-21.059837341308594	-63.15533037537487	1.1425070516490117	-21.059837341308594	354.0	0.6185939853434196
83.89099227536882	538.1837182451102	-57.29002963137379	7.399780088830509	-19.946460723876953	-56.66764367327872	11.210816252398983	-19.946460723876953	356.0	0.618211009480303
83.35371949724247	544.3247741999442	-54.41416909347548	13.72433553203796	-8.653059005737305	-53.01327793782257	18.407920746691524	-8.653059005737305	355.0	0.6164513790926094
82.8197580310779	550.4279816858643	-50.62463433393731	23.726392303887923	-12.110855102539062	-48.392448807329615	27.999396272649154	-12.110855102539062	355.0	0.6126520747009674
81.96407599570254	556.5164757323622	-49.616216551658745	29.86466785058019	-15.315841674804688	-44.830939888342996	36.658616442172914	-15.315841674804688	352.0	0.6148329163269014
81.53853743854772	562.601960617596	-42.82380940085993	35.31581629531891	-27.978071212768555	-40.07953361551964	38.402037932488994	-27.978071212768555	356.0	0.6100345019098057
80.48337419927688	568.5860887132017	-32.84429228868919	41.18466386516136	-40.2428092956543	-24.988039992252435	46.37372026241554	-40.2428092956543	350.0	0.6076442917211125
80.26934109235118	574.7151949740554	-27.424083099252382	38.22899174103074	-49.81022644042969	-26.160421652324253	39.10458390448748	-49.81022644042969	358.0	0.6132842222631969
79.62332719379977	580.8616066473668	-26.333679077331112	28.703539438120217	-59.205928802490234	-23.50237647891511	31.0643546507396	-59.205928802490234	354.0	0.6180267827120427
79.40568302260449	587.0941202592649	-14.169756027383793	24.428138754947366	-64.57365417480469	-13.099605731655936	25.018318860021505	-64.57365417480469	358.0	0.6236312605037526
78.32615950869659	593.2164023375406	-18.35386472234037	15.108154560111085	-61.27342987060547	-15.474074234113768	18.04643208657357	-61.27342987060547	350.0	0.6216728147752345
78.10953887683786	599.4196056177525	-15.041572743524412	7.134112402795967	-57.257747650146484	-14.774602763850927	7.671739277691358	-57.257747650146484	358.0	0.6206984407405833
77.67975053427597	605.5658652657555	-17.977089451395027	-0.08956414747276344	-48.888648986816406	-17.926120315674787	1.3557202174204404	-48.888648986816406	356.0	0.6161268187643902
77.14634231215598	611.66274914331	-10.753789161646004	3.7600246961006603	-42.9720458984375	-10.396087555140788	4.658661888811934	-42.9720458984375	355.0	0.6120172983487367
76.51663526611365	617.6540114787485	-12.922469108983094	1.3729593758870307	-35.961185455322266	-12.697814259814805	2.7641885506785204	-35.961185455322266	354.0	0.6024263883320595
76.20311908222209	623.6362566373983	-11.632760193713356	6.179880619924577	-34.17563247680664	-11.339436696853772	6.702925450801866	-34.17563247680664	357.0	0.599045486885187
75.47463583861398	629.5692765403173	-3.461427762199167	3.1181465353469977	-30.81769561767578	-2.9987730787595663	3.5653443018769573	-30.81769561767578	353.0	0.5977575846833829
74.95979897178539	635.4538888555579	-4.107348924663874	3.137701173397804	-25.057384490966797	-3.8430156028791904	3.4564020192255605	-25.057384490966797	355.0	0.5907090578290406
74.24257143798226	641.2952383585325	-0.45567414410933627	0.649566643827488	-18.60823631286621	-0.37023478193456794	0.7017848364199285	-18.60823631286621	353.0	0.588521701818601
73.93606476113595	647.1437341551383	2.404230366437669	0.8597653180932501	-10.0513916015625	2.446612292291447	0.7304850089532203	-10.0513916015625	357.0	0.5856521956406141
73.21929183573194	652.9813811698214	1.4952935266680836	7.370706445607184	1.319991111755371	2.4038529815866156	7.126338967599556	1.319991111755371	353.0	0.5881486724853697
72.60370676708212	658.8382818655334	-0.9136237122276472	21.814934413324988	3.799036979675293	1.5911260590971468	21.776004904694467	3.799036979675293	354.0	0.5889162142119738
71.77405037180353	664.7415938604811	-4.488061475558371	35.806355626218696	-12.048537254333496	0.9320449321019182	36.07449363863861	-12.048537254333496	352.0	0.5961327221678088
71.14536976539823	670.7230902751227	-1.3713079455570443	37.47629171104561	-31.02501106262207	2.4778400724122065	37.41942322469017	-31.02501106262207	354.0	0.6014444169101589
70.29761848399369	676.755154074941	-6.000867835782547	22.263454128798628	-51.81452178955078	-2.8417090401327747	22.882230972063844	-51.81452178955078	352.0	0.6091344344247952
69.65737521685953	682.8466618578175	1.0341347439185256	5.949295054625585	-56.31415557861328	1.67606065809798	5.801238401061281	-56.31415557861328	354.0	0.6125061510707901
68.9068484334815	688.9592119851216	-5.0665559038734	-8.791523106731871	-48.410621643066406	-6.1926500988443385	-8.038156008473463	-48.410621643066406	353.0	0.615845431186864
68.58542493539859	695.0923376866895	1.2256439038651514	1.903376888696981	-42.08042526245117	1.3351969711577134	1.8281946306996084	-42.08042526245117	357.0	0.6141542472079142
68.26394949379862	701.2264545296063	-6.692416605171999	1.7857115093546563	-39.89684295654297	-6.571205718160553	2.1900824234347076	-39.89684295654297	357.0	0.6142534973617007
67.94318620978768	707.3469825962235	-1.592240306573728	11.003677525362066	-45.07941818237305	-0.9096858888720446	11.081002655880168	-45.07941818237305	357.0	0.6128927548814593
67.20140046625951	713.3883426668496	-12.384752890229525	9.213887693184294	-54.39848709106445	-11.085993757578034	10.74144184835548	-54.39848709106445	353.0	0.608672963029057
66.88323600799202	719.4592821842286	-1.0441928910231804	6.233907875944041	-61.708805084228516	-0.6991726595574607	6.281966554475424	-61.708805084228516	357.0	0.6079270946929368
66.45983611233846	725.5141827850968	-4.209224931617434	-9.237692740243602	-60.91578674316406	-4.865609053824381	-8.90945510249877	-60.91578674316406	356.0	0.6069686051027111
66.24897681334568	731.5524030781122	-1.644264526976998	-13.084630359241368	-52.0713005065918	-2.0880576681700305	-13.021181691653492	-52.0713005065918	358.0	0.6041900855770045
66.14441038318472	737.5430098498988	-7.640962881550481	-22.138114430380174	-22.23486328125	-8.04968959591688	-21.992792494342925	-22.23486328125	359.0	0.5991519309197969
66.2496465127014	743.5719836720793	-13.48529531729075	-10.295313356479864	-9.711030960083008	-13.264855770256052	-10.577819638137216	-9.711030960083008	1.0	0.6029892203969597
66.2496465127014	749.5936248550742	-24.90840208857665	3.4910127378042803	1.6182596683502197	-24.874598199574177	3.724248776795459	1.6182596683502197	360.0	0.6021641182994759
66.98357981933874	755.5710319593576	-31.382178478593413	13.830103704735215	3.7809128761291504	-32.80336618846851	10.002602723854594	3.7809128761291504	7.0	0.6022296388333098
67.61021922416786	761.5331076382789	-31.691312089220123	24.48407687547828	-6.792050838470459	-33.657954186717035	21.701414754470207	-6.792050838470459	6.0	0.5994916458539692
69.56101876524383	767.1986408856367	-27.787983444883718	23.178245136388515	-1.43994140625	-33.8502039765565	12.789322197879292	-1.43994140625	19.0	0.5991985132356297
72.11049906307294	772.6660190280339	-17.326400852817283	22.828453488314732	-0.3017842769622803	-25.22944267380477	13.594766550031501	-0.3017842769622803	25.0	0.6032584316939336
75.50202837180741	777.6941680047306	-7.489748690486322	23.19469500606139	0.667924165725708	-19.079106739622244	15.16831888802948	0.667924165725708	34.0	0.6065043543443137
79.18120070927971	782.5765946030223	-2.7098678021094704	23.01128104852257	-6.141587257385254	-16.00802783982389	16.751283045737924	-6.141587257385254	37.0	0.6113460442051408
84.1347329217081	786.1755464191959	-4.47818316418869	13.66278172980265	-13.557634353637695	-13.674176071404812	4.443268821090186	-13.557634353637695	54.0	0.6122902543296436
89.44756256125879	789.2429100417492	-10.14131393950127	7.83108688518218	-15.980132102966309	-11.87753031543762	-4.805875968921323	-15.980132102966309	60.0	0.6134727245106415
95.29985027818253	790.9210265407099	-13.323179145220218	6.502534201703623	-19.743661880493164	-9.997008552617917	-10.947596703333591	-19.743661880493164	74.0	0.6088131610415555
101.19119403963612	792.3899035148157	-17.85827870642212	3.525267160934189	-29.230751037597656	-7.776142939219026	-16.45834827378023	-29.230751037597656	76.0	0.6071699175739556
107.21936124653425	792.6004117523055	-26.035775508197517	-2.7487372178693947	-35.66152572631836	1.916567864854188	-26.110226544891685	-35.66152572631836	88.0	0.6031841641851441
113.25657758183925	792.8112359923225	-36.961549227342736	-12.49037699778065	-35.25377655029297	11.024322447662621	-37.42499102741282	-35.25377655029297	88.0	0.6040896286102944
119.25425893682836	792.1808542801392	-39.40399516817286	-16.72229889050799	-37.79361343383789	21.130462152517257	-37.22651856698274	-37.79361343383789	96.0	0.603071826062529
125.23329382365472	791.8675063394649	-44.599230941871056	-21.830678135845716	-25.862545013427734	23.636980834411172	-43.6687880013966	-25.862545013427734	93.0	0.598724019142472
131.16206662699696	791.1395445741134	-44.681743952528244	-21.043319935037278	-20.307533264160156	26.278210893573164	-41.81788120840802	-20.307533264160156	97.0	0.5973296852280511
137.12813044229753	791.2436826053754	-40.881727554265524	-18.19761615350739	-13.690601348876953	17.346697899723708	-41.24998125414491	-13.690601348876953	89.0	0.5966972614131386
143.10612790634025	790.615369753497	-37.961334406315224	-16.205515234833413	-13.861435890197754	20.171155933716186	-36.011194123941735	-13.861435890197754	96.0	0.6010925945304656
149.11705339259072	790.615369753497	-32.87954047753874	-15.742055351353	-10.287616729736328	15.517950634188093	-32.98590148554488	-10.287616729736328	90.0	0.6010925486250469
155.039761472565	789.5710365201376	-31.5478898622296	-16.349146101568614	-11.780309677124023	21.33991457933303	-28.41077223090874	-11.780309677124023	100.0	0.601407539883661
161.0057943477248	788.5190639564532	-28.98130144854372	-17.306187486347994	-7.998784065246582	21.969904225400345	-25.627002698144906	-7.998784065246582	100.0	0.6058068548822475
166.7561984728894	786.5390410285843	-25.602412590591083	-20.553591410939564	-5.099300861358643	27.647511162677855	-17.70730857178213	-5.099300861358643	109.0	0.608174632795522
171.80179956445545	783.1357401197336	-21.870147242281963	-23.526831962837132	-7.751542091369629	31.731005013150636	-4.995846621152167	-7.751542091369629	124.0	0.6086094597637889
175.32929442712026	778.2805599662067	-21.427209995005505	-22.947732274842327	-14.909589767456055	30.79831784271412	6.098144208450709	-14.909589767456055	144.0	0.6001332712766955
177.5499230920969	772.7843111512037	-22.231994072529293	-22.791496718606126	-21.602811813354492	29.23115131589052	12.619575106267378	-21.602811813354492	158.0	0.5927895301381279
179.53593711773624	767.3277824610394	-26.087450900723127	-19.565158778250794	-23.258176803588867	31.10208054943035	9.798526318408802	-23.258176803588867	160.0	0.5806716546949955
181.9586042235102	762.1323560866163	-32.9537253862476	-9.371793789239893	-22.340097427368164	33.80378485541442	-5.575182966424451	-22.340097427368164	155.0	0.5732518741133841
183.33528311344494	756.6107986432646	-33.3295209926604	-6.496133386475323	-20.893402099609375	33.90795202425087	-1.818655573815762	-20.893402099609375	166.0	0.5690592356356523
184.21644032456123	751.0473909669122	-26.232768666993834	8.69920961953231	-22.795326232910156	24.441422331187084	-12.901599682563646	-22.795326232910156	171.0	0.5632756252848053
184.3145148871775	745.4287030376735	-19.440809000022185	17.848618584751325	-23.99728012084961	19.305629386748944	-17.994746842919728	-23.99728012084961	179.0	0.5619543812980332
184.50883923813367	739.8639817046545	-18.397802419377744	16.706137939168766	-13.030448913574219	17.963646506732392	-17.172116435843215	-13.030448913574219	178.0	0.5568113277182023
184.9877814819974	734.3896468072905	-19.41953725948419	7.897660670046084	-16.359663009643555	18.663423879765322	-9.54819776271381	-16.359663009643555	175.0	0.5495245967329803
185.2741670751092	728.9250841597279	-19.810294021153805	8.910616955674435	-22.8241024017334	19.406737362414702	-9.758349690473901	-22.8241024017334	177.0	0.547206191824239
185.84781277849035	723.4672098701609	-20.3854792386973	16.810723032694455	-27.140790939331055	18.273280869268998	-19.085475601779745	-27.140790939331055	174.0	0.5487937786976499
186.33212073388773	717.9315446093253	-27.76400587554771	17.623958673667047	-26.557769775390625	26.129408998006028	-19.967421641351024	-26.557769775390625	175.0	0.5556810602826284
187.48195840566504	712.5219836776693	-35.60917936611246	16.049988707040136	-23.09390640258789	31.31687954412704	-23.342425928825865	-23.09390640258789	168.0	0.5530413740827906
188.25191195927985	707.0434794746363	-43.363884243968556	10.291182889004883	-23.283109664916992	41.64985244629581	-15.862682408125005	-23.283109664916992	172.0	0.5532344600381802
189.29369202000834	701.6839856794578	-48.231433675034104	0.9671614262462984	-26.403053283691406	47.21301958644288	-9.906431098220654	-26.403053283691406	169.0	0.5459805805657306
189.96268460355657	696.2354783212953	-50.83192092450122	-5.404615628689539	-41.831382751464844	51.11605345851783	-0.49308599104765477	-41.831382751464844	173.0	0.5489424697433568
191.0986372759112	690.8912411759933	-57.20058087568615	3.7465600236258343	-59.10070037841797	55.238258581193215	-15.319202115116097	-59.10070037841797	168.0	0.5463630582227921
192.13756217507748	685.5464359136959	-61.72047689825179	41.08324620568432	-48.38473892211914	52.32921200594411	-52.525269710696996	-48.38473892211914	169.0	0.5444842351986908
192.99679809811556	680.121433803151	-56.0454333001144	40.68806282522927	-31.817289352416992	48.77905734184221	-49.165156514635896	-31.817289352416992	171.0	0.5492625444252968
194.41840226207404	674.8159348350066	-48.953094733066905	27.467383729306217	-17.479822158813477	40.378342845860544	-38.99297477623015	-17.479822158813477	165.0	0.549265670691023
195.1872493499937	669.3453035444797	-43.26467229642436	14.480276973808628	-22.917152404785156	40.83074980976902	-20.35583847762722	-22.917152404785156	172.0	0.5524394316257147
196.14923301039875	663.8896231004552	-39.06833356329542	10.539059395534325	-30.773033142089844	36.448272341406316	-17.57640189806183	-30.773033142089844	170.0	0.5539843108807134
196.83695052716672	658.2886133993104	-33.714168672745075	14.203473878805593	-37.632232666015625	31.675367743980342	-18.30450539631782	-37.632232666015625	173.0	0.5643072306393684
198.01169327623754	652.7618832911403	-31.98710849462044	18.55858588608773	-39.510860443115234	27.286752911461413	-24.960555592509674	-39.510860443115234	168.0	0.5650200546445103
198.70894809465327	647.0831985013881	-29.176822967956774	15.41225366880081	-40.073429107666016	27.21112416163977	-18.66492120301552	-40.073429107666016	173.0	0.5721330721358997
199.79621441177065	641.4896982032327	-27.746034778262334	11.790818130768992	-33.8557014465332	24.83443982661107	-17.091414119605425	-33.8557014465332	169.0	0.5698192136967898
200.48958299769538	635.8426642371869	-27.618705085666612	6.118134717837282	-34.126468658447266	26.730761810374727	-9.256933405380249	-34.126468658447266	173.0	0.5689442205490969
201.6777723154298	630.252672997213	-28.55671412600302	0.7591273911314882	-43.997554779052734	27.72224648519642	-6.894870983872085	-43.997554779052734	168.0	0.5714874969565242
202.48353962567484	624.5193406746085	-31.99422226726157	7.276628966384232	-56.46937561035156	30.578396798155005	-11.897110441445095	-56.46937561035156	172.0	0.5789677061778193
203.59245853058172	618.8144474689844	-29.205217631713925	17.74953063615608	-62.86119842529297	25.31173524212515	-22.963158183320015	-62.86119842529297	169.0	0.5811669951505899
204.50145676230608	613.075258506598	-33.61121322286261	18.49899397262006	-58.79946517944336	30.40828715505765	-23.393642397183978	-58.79946517944336	171.0	0.5810728674723763
205.80645567008466	607.4226872215878	-31.669354640803455	25.373842806785625	-50.33861541748047	25.23227125324463	-31.782265645342694	-50.33861541748047	167.0	0.5801257129400861
206.81945982756335	601.6776551600817	-36.390673961758765	17.702693649528946	-46.56319046020508	32.90614623124153	-23.55529779154255	-46.56319046020508	170.0	0.5833658441390059
208.13678627718525	595.9716874249881	-36.32646543923457	18.265683527745423	-50.72132110595703	31.06208863420069	-26.237262351943546	-50.72132110595703	167.0	0.5856058125463145
209.14865911897223	590.2330713735967	-40.12749129162554	12.595959083021953	-49.82541275024414	37.290240323883275	-19.45023699515451	-49.82541275024414	170.0	0.5827143453977508
210.16539055666468	584.4669008555777	-42.09012460344848	9.80219464741559	-46.20043182373047	39.89334088685791	-16.61875332040864	-46.20043182373047	170.0	0.5855122992667492
210.78824892067814	578.5407993769927	-47.51109219594194	-9.789837343533057	-45.62334060668945	48.29501934004804	4.553669268679416	-45.62334060668945	174.0	0.595874410225076
211.41278663377886	572.5987199591457	-43.31220889590232	-6.321384293530935	-61.87199783325195	43.75061690144551	1.338230014508004	-61.87199783325195	174.0	0.5974810052469166
211.7262173293726	566.6181060143922	-49.632128213244826	-4.240935531661674	-60.59282684326172	49.78848893247915	1.5620675337785086	-60.59282684326172	177.0	0.5988821416365715
212.55905976179318	560.69212418723	-45.92593981770152	8.643347106900604	-55.81761932373047	44.230416417523635	-15.085412188003486	-55.81761932373047	172.0	0.598421984331267
212.97930727185826	554.6823048005751	-42.82298718083168	4.789934365620696	-45.651466369628906	42.35293327290762	-7.93604092084106	-45.651466369628906	176.0	0.6024494753083298
214.44341047143203	548.8101076029958	-33.24943249678949	0.5812630625030552	-35.95806884765625	32.16826684847724	-8.430019933045939	-35.95806884765625	166.0	0.6051966466055501
215.79916503057572	542.9376894386141	-25.88246102876154	0.4908434130103395	-31.26018524169922	25.10538444400925	-6.313666769790277	-31.26018524169922	167.0	0.6026886884785437
216.32299157023465	536.9503246927383	-11.128120824363265	11.641487964651672	-28.425865173339844	10.156366570819936	-12.49830121224034	-28.425865173339844	175.0	0.6010235506517907
217.37173247328423	531.0026194757838	-16.852721469649783	13.061221178225498	-29.619983673095703	14.333874758846646	-15.784478261818474	-29.619983673095703	170.0	0.6039458156947257
218.3156095805061	525.0432139603946	-27.834562178835192	24.766063808225738	-28.03470230102539	23.987700904247497	-28.508086108487102	-28.03470230102539	171.0	0.6033690254760227
219.76427769735216	519.2329234983272	-34.49682162714149	29.97477821916662	-20.720951080322266	26.35100769740158	-37.338216682034044	-20.720951080322266	166.0	0.5988164540688361
220.80614231418207	513.3242156383967	-35.548454584472374	27.80398495865844	-4.879216194152832	30.433920424534943	-33.32462588715251	-4.879216194152832	170.0	0.5999859202831838
222.24090600316896	507.56969279047854	-32.56554725039564	13.69042423908203	-0.44616150856018066	28.29251946735087	-21.15362677541059	-0.44616150856018066	166.0	0.5930689677469845
223.36694142420023	501.7767427430873	-28.897436111156	3.205033676795403	-4.147806644439697	27.767851552115136	-8.618612118400073	-4.147806644439697	169.0	0.590137492631903
224.4977818872905	495.95907289727455	-27.143745754237017	0.8615774142263697	-14.433196067810059	26.488966671394714	-5.988313109140586	-14.433196067810059	169.0	0.5926557397666994
224.9086192891749	490.08382432715086	-27.682442793373017	-2.1084972853102357	-15.064427375793457	27.762397845491694	0.1125418996120159	-15.064427375793457	176.0	0.5889595328333466
225.1148915441342	484.17695978889896	-24.160615134296982	-7.388277293361665	-20.61009407043457	24.49778640600906	6.179031172989956	-20.61009407043457	178.0	0.5910465033855139
223.88418507061968	478.3869410576726	-16.927113489201368	0.5814597913399725	-31.553678512573242	16.715297040002067	2.7320526037663058	-31.553678512573242	192.0	0.5919371193961658
221.67584992081413	472.9211197604518	-12.755436705632638	9.791210236906421	-33.1098518371582	15.443409226638291	-4.479963717853617	-33.1098518371582	202.0	0.5895078166319678
218.54955397929692	467.9180004172409	-11.258458540460408	15.628321596188666	-25.502906799316406	17.910503930814034	-7.085984304629661	-25.502906799316406	212.0	0.589957027895745
215.2483926542289	463.02382748593124	-7.813863913623824	9.885773933341738	-24.48198890686035	11.98993993153104	-3.8763818129860494	-24.48198890686035	214.0	0.5903439232827686
211.87552809683348	458.20687769127585	-10.40490930374849	3.7760242300881033	-22.0356502532959	10.654678144855371	2.9997216929218062	-22.0356502532959	215.0	0.5880409904654991
208.8479843743116	453.1681987919636	-9.98487632381489	-3.3521156465341	-26.44318199157715	6.894293422341945	7.962609667456421	-26.44318199157715	211.0	0.5878291081781862
206.2871934850011	447.917799394129	-15.264734525584403	-4.419821216842556	-36.07497787475586	11.72703121202244	10.72490926197847	-36.07497787475586	206.0	0.5841604558300568
204.4937058184184	442.39801192856055	-17.423135254592967	1.7369789549716412	-43.080631256103516	17.08747080353339	3.821135895025028	-43.080631256103516	198.0	0.5803848005869116
203.38921649246464	436.7159069311288	-22.75750201255485	9.009634957041378	-40.01305389404297	24.073041073490145	-4.42335996552806	-40.01305389404297	191.0	0.5788455223372145
203.18723436234717	430.9318954944623	-27.523227637556825	6.411851560249864	-35.9909782409668	27.68105679405691	-5.6920114883621205	-35.9909782409668	182.0	0.5787537047862019
202.88664450757378	425.1962993885866	-28.133275030176904	1.981212336225616	-42.09280014038086	28.201440047483416	-0.29179700647275514	-42.09280014038086	183.0	0.5743467328237293
203.3888724470172	419.4558077728403	-29.763896259880067	-3.142611232981019	-50.99058532714844	29.9271219267476	0.3645533049422311	-50.99058532714844	175.0	0.5762419361137459
204.1843163778304	413.79593011167765	-30.420457813710826	-0.05790303115769803	-53.779930114746094	30.171276568313147	-3.886087569154279	-53.779930114746094	172.0	0.571550051932421
205.56124024839008	408.27339010470655	-27.833789180607003	-4.997102639498275	-52.09418487548828	28.207692449004494	-2.0042309354290837	-52.09418487548828	166.0	0.5691604999814512
206.54516397605354	402.6932813561182	-28.720039095474775	-13.53026023724103	-51.8723258972168	30.552349429353498	8.629167519508954	-51.8723258972168	170.0	0.5666190920533078
207.6280879789556	397.1221203279979	-28.110395951323802	-16.55804533229258	-63.21986389160156	30.83184397148432	10.665862510106887	-63.21986389160156	169.0	0.5675434749630016
208.7162484219274	391.5240201510873	-34.45146299771469	-8.332434891030495	-70.24909973144531	35.413574430844584	1.4871179937039307	-70.24909973144531	169.0	0.5702878110250553
209.80701134285349	385.91253138576553	-25.726124895947283	3.6652068327464855	-73.63236236572266	24.47649069974568	-8.727465056587365	-73.63236236572266	169.0	0.5716517288786929
210.99957915709763	380.3019409392777	-30.489628298072596	17.602215147693283	-59.23068618774414	26.218313117010048	-23.495860681378137	-59.23068618774414	168.0	0.5735934374606446
212.28457431439892	374.73601541685514	-22.582677648383093	18.706098034465754	-46.234745025634766	17.632436065499515	-23.430591794530006	-46.234745025634766	167.0	0.571233222733434
213.38082351972994	369.0963021650652	-25.339151954772714	13.306093013094754	-30.802059173583984	22.265443791937525	-17.982623440651302	-30.802059173583984	169.0	0.5745270044358575
214.6755794115622	363.4880982565065	-21.937363347116626	3.5361784053530974	-34.20760726928711	20.615162632575046	-8.292619487856843	-34.20760726928711	167.0	0.5755722708696751
215.78024754378995	357.80507338053985	-25.90050071625133	3.3989343245574424	-40.87487030029297	24.820768207943864	-8.143596101398538	-40.87487030029297	169.0	0.578939231899298
217.0898861989325	352.13240514176	-26.915442579644253	5.31823393568082	-51.943843841552734	24.96422730004728	-11.380334650805658	-51.943843841552734	167.0	0.582188271560886
218.2016175352978	346.4130432305819	-37.57349820660255	14.834653488696867	-53.260459899902344	34.26181859053785	-21.400058375629392	-53.260459899902344	169.0	0.5826409463408081
219.41408748013544	340.7088206212611	-38.467486115242195	8.773387795037989	-51.77981185913086	35.58200656174778	-17.048185547682493	-51.77981185913086	168.0	0.583165833565555
220.4323407767825	334.9340192122208	-33.81803555286686	4.3040108865149005	-38.880558013916016	32.65496209186502	-9.789662361137093	-38.880558013916016	170.0	0.5863887029094845
221.84944530634246	329.2503233842344	-25.206556348866258	-0.6480943213551104	-29.271484375	24.573928151071158	-5.649120678825599	-29.271484375	166.0	0.5857694385401945
222.85984357543182	323.52007005017464	-17.970341701343617	-1.7156963294241756	-25.4042911529541	18.00417006159451	-1.314022507810623	-25.4042911529541	170.0	0.5818651728251251
224.1650838775301	317.86645317149265	-13.548556578446151	-5.950504044617455	-24.88144874572754	14.550476435582818	2.6936071060780784	-24.88144874572754	167.0	0.5802330226481376
225.07187182709833	312.14121938141705	-17.594956540257215	-8.68863889118183	-28.068248748779297	18.756547538687478	5.767743567796175	-28.068248748779297	171.0	0.5796599549434605
226.27126015199153	306.49854095516764	-28.046136934079236	-8.83283122672017	-34.741661071777344	29.282125441950136	2.6761603103593896	-34.741661071777344	168.0	0.5768739218923911
227.27143274294713	300.82628032360117	-35.675272041191555	-5.741398479947074	-46.568416595458984	36.13422957125021	-0.07839011895185352	-46.568416595458984	170.0	0.5759764394844414
228.5616299869956	295.2378220879373	-39.350745816621306	2.0451659034317355	-50.73209762573242	37.82576457971102	-11.039720732753082	-50.73209762573242	167.0	0.5735457643493668
229.67317899726754	289.51939816319486	-41.270561146823376	9.969282220195815	-46.54407501220703	38.76292562320125	-17.322857803773832	-46.54407501220703	169.0	0.5825453920966406
230.78864752436616	283.78081007242116	-29.51198519486212	20.88876491559766	-41.63129425048828	24.7249628424458	-26.381318812381977	-41.63129425048828	169.0	0.5845995493542354
231.70063067015914	278.02277510431253	-17.984339140063987	28.185319658336965	-21.814889907836914	13.57391486287967	-30.554828322914336	-21.814889907836914	171.0	0.5829809598277823
232.90969451417942	272.334576939453	-4.229247350266479	25.731154706327487	-8.29780101776123	-1.2800703406253324	-26.04496641567707	-8.29780101776123	168.0	0.5815275895572679
234.62749339981954	266.71590995632783	-4.989298653151868	8.37808451966565	-9.72321891784668	2.2773992146715702	-9.481500624163749	-9.72321891784668	163.0	0.5875393746700495
236.0391321166384	261.05413630586975	-12.63592467136955	-0.8247715168576315	-25.601390838623047	12.4678942540314	-2.2132449538711505	-25.601390838623047	166.0	0.583510109045622
237.65375645987598	255.4232720498859	-20.588798727884452	-0.6628924284850527	-37.878074645996094	19.92040226199594	-5.245534591378308	-37.878074645996094	164.0	0.5857784908913259
238.9691281920857	249.72577112610418	-27.36250550886537	5.8077816426208475	-44.015445709228516	25.337891865757694	-11.850243505102396	-44.015445709228516	167.0	0.5847368602233809
240.5012820454111	244.0076951004813	-22.40534200998294	12.930735969852435	-47.032352447509766	18.344952278232466	-18.239134003995794	-47.032352447509766	165.0	0.5919787907101328
241.72534333125145	238.24893951926984	-21.337213579969145	20.593848533703728	-38.195068359375	16.55895727631018	-24.60049216393211	-38.195068359375	168.0	0.5887409606578031
243.05311745334623	232.49771794291743	-14.69302095078326	21.739427014733696	-31.28241729736328	9.31376281700203	-24.530417317642996	-31.28241729736328	167.0	0.5902502328640462
244.17367349799287	226.7329568433108	-12.73750088404156	21.274484199330914	-22.56079864501953	8.643584914225892	-23.24082714855706	-22.56079864501953	169.0	0.5872658374597665
245.70766141477154	221.0080359996961	-9.5159829505447	16.13454581330902	-18.602807998657227	5.071597382087741	-18.032093614187616	-18.602807998657227	165.0	0.5926874184127507
246.93595184024198	215.22938388084373	-5.251849459936583	15.067597504289795	-15.106990814208984	2.0328024369182756	-15.826627295591923	-15.106990814208984	168.0	0.5907750644705574
248.47095192092615	209.5006855901081	0.13043612183595585	12.190229206498286	-18.016695022583008	-3.282976533159173	-11.740560752007104	-18.016695022583008	165.0	0.5930784885154549
249.70672173502976	203.68684571429174	2.111339470520253	10.975324632199923	-20.947498321533203	-4.253900167939722	-10.335368329341414	-20.947498321533203	168.0	0.5943724517092146
250.94782651580138	197.84790679365585	2.1193514467463017	6.9687791818184355	-21.807695388793945	-3.51441378542709	-6.38000231853968	-21.807695388793945	168.0	0.5969384289503459
252.08313306600928	192.0072609214264	-6.482463343105214	4.574602105389806	-22.442893981933594	5.507887047944158	-5.710735126446389	-22.442893981933594	169.0	0.5949963459361411
253.52556714375336	186.2219738245281	-9.337673308906313	-1.220137963820558	-21.494443893432617	9.351215137096524	-1.111600168385365	-21.494443893432617	166.0	0.5962395731765489
254.76639921497826	180.3843179014369	-13.074253379695417	-7.8477551818547475	-22.263975143432617	14.397380738440912	5.023822320024439	-22.263975143432617	168.0	0.5968072629030431
256.10247054622636	174.59715716381316	-15.211191852925461	-11.287692008200077	-29.939607620239258	17.4326986474553	7.409005758230987	-29.939607620239258	167.0	0.5939386837483867
257.3306096675596	168.81921687496026	-20.967255705165083	-3.55790569817853	-37.01583480834961	21.253649417138035	-0.7529217863077916	-37.01583480834961	168.0	0.5907022912000496
258.9457355903265	163.18660340328125	-23.680479932782468	3.5620616242419842	-40.019161224365234	21.755058660493773	-10.008538132029356	-40.019161224365234	164.0	0.585960461701412
260.3622873100931	157.50512477427378	-30.242736344341047	8.749154923797171	-38.50876998901367	27.430588718635285	-15.451006958221518	-38.50876998901367	166.0	0.5855409309915282
262.15257074516745	151.9951989192679	-34.3050883531937	13.931612068072635	-36.97905731201172	28.35367068810537	-23.811725268156597	-36.97905731201172	162.0	0.5793478894892432
263.45963427428285	146.33368477674793	-37.06057251474787	17.480565455713585	-29.57455062866211	31.966625452952844	-25.635737963300365	-29.57455062866211	167.0	0.5810435220798627
264.6687031210201	140.64546307595555	-37.64462342579165	13.897745810866422	-29.62427520751953	33.818040683348634	-21.60104478566935	-29.62427520751953	168.0	0.5815299957312259
264.7701485839815	134.83365639528083	-37.8808501003862	15.36810973227243	-28.13827896118164	37.641955824857476	-15.944301889721409	-28.13827896118164	179.0	0.5812691981817952
263.76519971603415	129.13430815084578	-34.5994265689637	19.19510925423347	-31.673845291137695	37.2548619311673	-13.328458300671247	-31.673845291137695	190.0	0.578726987780364
260.8778095114246	124.13320161518531	-27.80202228382921	25.126408275035487	-29.395021438598633	36.573660252733795	-8.16432554421417	-29.395021438598633	210.0	0.5774780409219135
256.3649766634386	120.60739017622649	-22.71931439961218	28.289862575686122	-27.24529266357422	36.283040709049864	0.1566149579761313	-27.24529266357422	232.0	0.5726867085672074
250.96941829791336	118.6435675339293	-17.273613361907326	26.941325316221857	-25.636398315429688	31.227333977512977	7.0047370420326	-25.636398315429688	250.0	0.5741833282688424
245.30521400416464	117.33588293446589	-19.248810140321062	25.28621037800851	-21.795257568359375	29.127463762373257	12.70826431384966	-21.795257568359375	257.0	0.5813196134055294
239.5379852925165	116.52535179741126	-23.506869584795364	25.713642048809778	-17.243316650390625	28.6613625193507	19.80632736337695	-17.243316650390625	262.0	0.5823906570043307
233.7716741405853	115.29968452543726	-25.47174648442743	25.901289105828873	-20.20275115966797	30.74606651704142	19.34854103131125	-20.20275115966797	258.0	0.5895133973242188
227.96239880129588	114.37958570213277	-22.792007842645216	30.64604824577726	-20.21196746826172	33.66449842330901	18.037667268489397	-20.21196746826172	261.0	0.5881688687130822
222.23014580934228	113.05619082280634	-22.452262831880166	34.870657078192444	-14.537050247192383	39.177908525456886	13.60728903594148	-14.537050247192383	257.0	0.5883034792552931
216.374701943551	112.33723271885356	-22.335775745778044	36.84111171631781	-7.197617530822754	39.422719012966034	17.378251243569434	-7.197617530822754	263.0	0.589941722720746
210.53438139351977	111.62013152458576	-31.438444097343787	35.04856105804138	-0.36244940757751465	38.719436693840606	26.78773267024916	-0.36244940757751465	263.0	0.58841803379857
