0.0	0.0	0.8142786545919581	9.021992908039506	-20.439376831054688	0.6629634013863371	9.034372434677545	-20.439376831054688	0.7689401887999452	0.0
0.3028309004867756	5.778357805455984	-12.255075604482668	6.313644330805077	-8.163884162902832	-12.541840529617987	5.722868069169942	-8.163884162902832	3.0	0.5786287711664858
1.0135258003216905	11.566503274306234	-10.06299273768878	8.665574927351878	-3.833066463470459	-10.969954590899361	7.484390952771822	-3.833066463470459	7.0	0.583161343105174
1.1150824739534482	17.384681210017195	-8.949071198991028	10.926702084146164	-8.461968421936035	-9.11821249675909	10.785958215394734	-8.461968421936035	1.0	0.5819064207375014
1.9303670357590605	23.185732296216127	-7.345995859557312	13.721480651885807	-5.315459728240967	-9.176492377704866	12.571184275581764	-5.315459728240967	8.0	0.585806133643276
2.3396540708242153	29.038809587882056	-10.766841672764935	18.557228646773744	-6.663267135620117	-12.081563868900782	17.729394494361586	-6.663267135620117	4.0	0.5867369909873402
3.4603513667657624	34.80429736240521	-12.924587757017745	27.72855938382898	-9.589447975158691	-17.840650064326535	24.852146375587537	-9.589447975158691	11.0	0.587339865046692
3.8684302870595575	40.64009780792612	-18.515216152699537	27.667489111897204	-23.444961547851562	-20.300358320542852	26.385576268023836	-23.444961547851562	4.0	0.5850050875430932
4.479763907349532	46.45654867448425	-22.97768134853471	23.18699630846888	-26.11089515686035	-25.197855088126385	20.75280070066527	-26.11089515686035	6.0	0.5848489503998596
4.3773220683536	52.325437699945596	-30.703296609360567	16.39616281283401	-27.835006713867188	-30.413149618330046	16.928287212840058	-27.835006713867188	359.0	0.5869783021846504
4.682075352423058	58.140476769309004	-38.46145424799433	11.04139862998458	-23.552526473999023	-38.96356967861332	9.11241924390178	-23.552526473999023	3.0	0.5823019314958005
4.682075352423058	63.97037097759767	-40.24752234371012	11.278249849191493	-21.479076385498047	-40.25567241303022	11.249124990106164	-21.479076385498047	0.0	0.5829894208288662
5.086147490199243	69.74887176357102	-41.773764934635444	15.339940265697846	-14.441778182983398	-42.6514568443927	12.69702458138375	-14.441778182983398	4.0	0.5792611295954673
4.985640833102993	75.50689429225108	-39.62749333479123	22.4862073715883	-14.32834529876709	-39.105433613726596	23.382318358952723	-14.32834529876709	359.0	0.5758899636988627
5.5878552319531	81.23658156249155	-34.5609593121042	26.303166807233666	-14.591368675231934	-36.94820359967832	22.82863866766476	-14.591368675231934	6.0	0.5761247989536489
5.9914797035391425	87.00868042368526	-28.057343797115685	21.588753280200294	-17.165790557861328	-29.493574364577164	19.58105922426215	-17.165790557861328	4.0	0.5786193738327192
6.699006261949039	92.77102182236807	-22.21699191124977	19.048885432098032	-18.805654525756836	-24.48505925070926	16.02924325347243	-18.805654525756836	7.0	0.5805615576821206
6.901674136436855	98.5746704085113	-15.349876655146138	15.070960703495045	-25.135601043701172	-15.848989002574232	14.545175057412452	-25.135601043701172	2.0	0.5807186167051273
7.307475291578827	104.37789729478483	-11.722680958466038	5.96828513863186	-29.132076263427734	-12.133876073092143	5.080425946004736	-29.132076263427734	4.0	0.581739777487173
7.1047483618695395	110.18323700120786	-14.295728813077517	-1.508354574189353	-27.892654418945312	-14.333515566272867	-1.0923952260725565	-27.892654418945312	358.0	0.5808878318143798
7.511522545875747	116.00037884852695	-19.68479723160266	3.026335807176148	-25.348804473876953	-19.838769414190146	1.7530483728927166	-25.348804473876953	4.0	0.5831346714833966
7.3072949266138405	121.84869268107778	-26.77097486950539	9.92870434467204	-20.496187210083008	-26.309696418166936	11.09342777555668	-20.496187210083008	358.0	0.5851878638905179
7.612280203127366	127.66815842997694	-30.077079837488828	15.386793682088664	-13.960262298583984	-30.979800646958275	13.477243903727654	-13.960262298583984	3.0	0.5827452069429696
7.409002008293994	133.48928430411928	-23.866898965976805	20.002171380779547	-20.773910522460938	-23.157091437956208	20.819818499025306	-20.773910522460938	358.0	0.582467410823164
7.912464950116199	139.24389206164918	-17.52707984805649	24.89913389510034	-30.146766662597656	-19.48487344956644	23.39882696591142	-30.146766662597656	5.0	0.577658942428934
7.912464950116197	144.99828013205843	-13.436980263755	22.040795814871167	-41.00529479980469	-13.202447841852907	22.18207586644084	-41.00529479980469	360.0	0.5754388070409256
8.418384637064031	150.7809686148688	-11.222163784739601	21.850637617748603	-39.111087799072266	-13.126202956519464	20.762709848619256	-39.111087799072266	5.0	0.5804777413378505
8.316965770903586	156.59125156583585	-7.909390120510426	10.703222393191119	-41.33915710449219	-7.716736748738417	10.842942203443021	-41.33915710449219	359.0	0.5811168020003517
8.825121838113105	162.39950199200615	-10.07541765766796	9.60413533014217	-41.5276985168457	-10.935556306322624	8.61203023028716	-41.5276985168457	5.0	0.5830436999209355
8.825121838113105	168.24635731332322	-14.361351626062476	6.995398935997218	-39.2060661315918	-14.381199279718917	6.954504588981911	-39.2060661315918	0.0	0.5846855321317063
9.432084224491204	174.02121866732912	-17.290053377633697	8.926053031999935	-36.042057037353516	-18.082591796477242	7.186114558888657	-36.042057037353516	6.0	0.5806670904784312
9.432084224491202	179.8114255600144	-22.23765110089956	11.235028631436498	-35.286861419677734	-22.227002916544627	11.25607996517677	-35.286861419677734	360.0	0.579020689268529
9.838379155280707	185.62171376702898	-26.68951122277601	15.114366176977578	-34.87914276123047	-27.63927429273832	13.298292778143548	-34.87914276123047	4.0	0.5824476338638336
9.63499436756607	191.44589206191733	-32.44343013163728	8.068682388552658	-37.98466110229492	-32.112236568099604	9.299680466993264	-37.98466110229492	358.0	0.5827728389563338
10.1457413575022	197.2837568703652	-32.25554642078972	6.915265160513567	-37.58394241333008	-32.74422811045464	4.007080307960547	-37.58394241333008	5.0	0.5860164503616168
10.145741357502198	203.15504328052717	-24.945171326826394	0.4275279455612666	-41.92591094970703	-24.944050779543137	0.48855232732120746	-41.92591094970703	360.0	0.5871286410161949
10.751869965397294	208.9219717621717	-21.39856269970038	0.9870909848763599	-40.68855285644531	-21.38994031661886	-1.159002794179457	-40.68855285644531	6.0	0.5798694335944226
10.852474531461874	214.68560349189073	-16.685074498557753	-5.985759386312276	-29.50446891784668	-16.601007819835022	-6.215107868655561	-29.50446891784668	1.0	0.5764509692466216
11.552818448456767	220.3894469706218	-12.35355837607552	4.739277760745057	-23.39154624938965	-12.800498016647023	3.3493893130560397	-23.39154624938965	7.0	0.5746678347700949
11.653115117093188	226.13543926849533	-11.220808314675619	10.741882533718405	-20.48090171813965	-11.41994219250534	10.529933519388162	-20.48090171813965	1.0	0.5746867573640585
12.160498675490443	231.9348598785371	-12.826398594158483	5.35808818444595	-19.77199935913086	-13.273702560312792	4.127278792240196	-19.77199935913086	5.0	0.5821573454617692
12.262362301754665	237.7706231187844	-13.670018265451258	6.780509799435635	-11.919919967651367	-13.781529928972711	6.550888896542445	-11.919919967651367	1.0	0.5836652190646388
13.07949475364652	243.58482262615328	-17.971255721345283	13.603596165745177	-2.381361722946167	-19.672757509472355	11.000294214981778	-2.381361722946167	8.0	0.587133897466526
13.693915310342229	249.43064373072258	-21.67310098320167	24.824991010475507	-5.7729172706604	-24.148111824154324	22.42481170994274	-5.7729172706604	6.0	0.5878021521491579
15.205012442949927	255.07013500478615	-26.452736926547807	28.91970293455213	-15.057554244995117	-32.93074165027189	21.25235900061302	-15.057554244995117	15.0	0.583843098566853
16.616657081647695	260.7319324066033	-27.89384551845453	21.246595744832117	-25.1748104095459	-32.03594577035165	14.254214364559422	-25.1748104095459	14.0	0.5835125568930546
19.5345989640075	265.78595600038364	-27.99419042455663	11.018240543873139	-27.445253372192383	-29.799895383948975	-4.128263232242434	-27.445253372192383	30.0	0.5835883764719613
22.812716016268702	270.6459643922821	-24.92111200072662	1.7120238551561573	-30.589799880981445	-21.719346194537053	-12.339483373108983	-30.589799880981445	34.0	0.5862229352187566
27.33640610160726	274.44179107445	-23.08004855169488	-2.9006997622313215	-28.4682559967041	-12.749403420642029	-19.45650052493827	-28.4682559967041	50.0	0.5905258012081112
32.11598077065048	277.9143553372871	-18.01687897053116	-8.659528085247405	-24.922996520996094	-3.8710116283004012	-19.61149212761537	-24.922996520996094	54.0	0.5907879194473479
37.39375571552829	280.4884981730204	-14.615549369471642	-5.717458288541508	-24.281497955322266	-1.1812729002618338	-15.64954334757989	-24.281497955322266	64.0	0.5872062645062388
42.503785363334	283.3210338599911	-10.561712907039878	-3.2547435269933156	-21.339794158935547	-2.3449044763901816	-10.800211014320178	-21.339794158935547	61.0	0.5842573184771925
47.88717064240522	285.49606269651076	-4.80817978271163	-0.26848565176792094	-25.660587310791016	-1.566530010004009	-4.553752419251506	-25.660587310791016	68.0	0.5806168056697371
53.01282703433162	288.22142254355396	-2.2861048832676225	-1.2059314980482754	-33.223873138427734	-0.0218449192435458	-2.5845829672866514	-33.223873138427734	62.0	0.5805164919618682
58.491427956207524	290.4349209968765	-3.926400544531505	-3.423537925640226	-42.769474029541016	1.6642201688169365	-4.936355375588067	-42.769474029541016	68.0	0.5908861435508597
63.849225802048416	293.04809360924105	-20.16940514113853	-3.5845804673937067	-44.1418342590332	-5.988122286490153	-19.590725161582093	-44.1418342590332	64.0	0.5961096279956364
69.31538530695073	295.59700564707373	-14.982114979571849	-11.276259414845878	-42.485267639160156	3.752574252186789	-18.37215235441499	-42.485267639160156	65.0	0.6031239699236168
74.51113054311853	298.59677055781594	-27.472470191241005	-1.6423627169389996	-29.159236907958984	-12.335338425827556	-24.602304762418477	-29.159236907958984	60.0	0.5999529821484383
79.69770716377941	301.4717369247016	-24.36923751568592	4.424876957104634	-20.440649032592773	-15.471963700444	-19.340569082464274	-20.440649032592773	61.0	0.5930093477569277
84.51044540688726	304.84165252195584	-18.15171831228761	11.33574817939855	-14.0006103515625	-19.714551758507714	-8.325894152371575	-14.0006103515625	55.0	0.5875268549546506
89.16513678803456	308.4782959938709	-9.5313147356361	20.189449959105954	-19.814987182617188	-21.78634060009228	4.880083349469343	-19.814987182617188	52.0	0.5906888148217264
93.42934487488634	312.5961938767852	-10.911096432809916	18.049561045119777	-27.4559268951416	-20.6129408808743	4.466021442980706	-27.4559268951416	46.0	0.5927946826860235
97.17187479421621	317.21783343241304	-7.966640192800056	13.230515304539178	-32.45718002319336	-14.573381850150925	5.111793485155119	-32.45718002319336	39.0	0.5946938908314334
99.58071000762061	322.6281659039947	-7.688913780228122	5.902440927320918	-35.96475601196289	-9.448840508469997	2.1627799392891025	-35.96475601196289	24.0	0.5922346202172613
101.47530428879065	328.1304672241512	-7.504822456578128	3.8774901758608316	-38.0260124206543	-8.366229615130807	1.1676866855303527	-38.0260124206543	19.0	0.5819347670318193
102.47701690308642	333.8114617620885	-12.204822283369287	-5.1847863908149545	-39.19242858886719	-11.115525022769866	-7.230822937618127	-39.19242858886719	10.0	0.5768633035799161
103.67087555229678	339.42812510962483	-6.26714272441992	-2.582406006881509	-43.11705780029297	-5.565473303274626	-3.869290067074923	-43.11705780029297	12.0	0.5742142947876896
104.17258561362425	345.16269735141947	-15.73081048964121	-20.187692236978343	-34.89133834838867	-13.849936591762482	-21.521630349955373	-34.89133834838867	5.0	0.5756477376138873
104.77932981426417	350.93548280679363	-17.70304259479548	-26.223129550683673	-23.554824829101562	-14.712451669234103	-28.01060524918255	-23.554824829101562	6.0	0.5804583571522582
104.77932981426417	356.8146960772744	-18.44346693935198	-24.07253986335009	1.1144980192184448	-18.771843650420458	-23.817357833725342	1.1144980192184448	360.0	0.5879213270480748
105.49768304476171	362.665213644101	-21.534192244961	-11.555203822582264	10.551958084106445	-19.92897476518362	-14.144968569531455	10.551958084106445	7.0	0.5894453932597403
105.60068000755764	368.56590569076445	-24.42135286956508	-0.5546109962070961	8.510102272033691	-24.418516890023216	-0.6679088475078887	8.510102272033691	1.0	0.5901590887540628
105.90779595440256	374.42602705149335	-25.584434574576097	1.794814173707852	0.24019944667816162	-25.64220087319312	0.5120398399747764	0.24019944667816162	3.0	0.5868163474825636
106.0107082981225	380.3218712745399	-27.170859885227188	4.174052905130083	-0.19303655624389648	-27.257104450789267	3.567716568932705	-0.19303655624389648	1.0	0.589674232546423
106.53102779426821	386.2691503296319	-27.809812937013167	11.210587989922361	-5.226978302001953	-28.677913731499615	8.754441311706994	-5.226978302001953	5.0	0.596999669490742
106.53102779426821	392.2423300679272	-27.84090344771883	13.497320194818515	-16.999183654785156	-27.894769273819254	13.38564172488742	-16.999183654785156	0.0	0.5973179738295303
106.73910952861301	398.20101131617315	-26.71133859747629	10.664462373320449	-26.303815841674805	-26.995247203200552	9.92385992540638	-26.303815841674805	2.0	0.5962313328429352
106.4259228048019	404.17697000199485	-29.488088190155654	4.1220098029757315	-24.310609817504883	-29.252117639732372	5.55445078450458	-24.310609817504883	357.0	0.5984159768807945
106.4259228048019	410.1579784178482	-26.257121116864546	6.91600336846866	-22.19176483154297	-26.279914849661086	6.828878929438324	-22.19176483154297	0.0	0.5981008415853338
106.32231258492585	416.09380393910163	-25.254299910536673	6.242594767620741	-18.582958221435547	-25.11585772760514	6.778151961320697	-18.582958221435547	359.0	0.5936729713944076
106.73528426545413	421.99957411580993	-28.081818330895228	13.003780873057119	-16.901996612548828	-28.888235413971724	11.097598498361675	-16.901996612548828	4.0	0.5920191465570639
106.63188272434283	427.9234444386374	-29.994319912083018	16.685404094018427	-19.6577205657959	-29.70469867854817	17.195720781221283	-19.6577205657959	359.0	0.5924772694406084
106.94166154519502	433.83437646228134	-33.534911875800006	22.721031697949062	-15.390237808227539	-34.55444016693391	21.138265318768777	-15.390237808227539	3.0	0.5919043867550574
106.94166154519502	439.7738720639901	-33.942815252967215	32.09744574980432	-21.401220321655273	-33.6725582527084	32.3808516206207	-21.401220321655273	360.0	0.5939495601708751
107.45873655553807	445.68406647666194	-30.39168016843819	44.77442348142869	-33.123836517333984	-34.34204127854499	41.82137518515698	-33.123836517333984	5.0	0.5932770395177849
107.45873655553807	451.61071298850135	-29.458578080820583	30.97199031641453	-59.67755889892578	-29.45999710484073	30.97064056952413	-59.67755889892578	0.0	0.5926646511839399
108.17998473679734	457.4848080372235	-35.33102879945451	23.82429567052775	-63.966163635253906	-38.057806478119296	19.169820716392522	-63.966163635253906	7.0	0.591820847726672
108.07690072388196	463.3904871818903	-41.13280275929531	3.01800514107736	-60.35908889770508	-41.07779957590759	3.691910056898277	-60.35908889770508	359.0	0.5906578745218848
108.48986278424182	469.29611978378074	-43.06162408862228	11.215524974384392	-50.07464599609375	-43.73924945775696	8.183491093229234	-50.07464599609375	4.0	0.592005355480907
108.28225788975689	475.24114612502433	-46.39468070150419	7.693334876689866	-34.412010192871094	-46.019267225596664	9.689212709944162	-34.412010192871094	358.0	0.5948650098156245
108.28225788975689	481.20875211615834	-41.90446756909763	18.766211094660495	-25.907318115234375	-41.80339994055533	18.99028263372855	-25.907318115234375	360.0	0.5967605991134016
107.96945361029118	487.1774133291498	-37.95914753407575	24.151853947485883	-27.294963836669922	-36.246838104524514	26.652873354270987	-27.294963836669922	357.0	0.5976852281320035
108.49198927740966	493.15002333437224	-26.610660449041855	29.71035517337148	-32.36458969116211	-28.945371812472928	27.44080728950552	-32.36458969116211	5.0	0.5995424405152171
108.80464349468376	499.11582119017413	-17.61796871640473	23.456025404158357	-39.291683197021484	-18.728563915727182	22.579168344012572	-39.291683197021484	3.0	0.5973984994613737
109.53334779874032	505.05064148596693	-2.785562342476697	30.243211960214815	-38.63667678833008	-6.2979319625342525	29.711063263195314	-38.63667678833008	7.0	0.5979389760343843
109.8483827162951	511.06186580923685	4.247771667327751	22.98700873707623	-48.64262008666992	3.1027924312974013	23.16935074499186	-48.64262008666992	3.0	0.6019473802912534
110.58352073229047	517.049084483877	12.574016145269793	30.05711611882305	-48.741600036621094	8.785615291698184	31.374337847167336	-48.741600036621094	7.0	0.6032181641870658
110.68868367492549	523.0738654324153	9.610806523877741	16.329344854585372	-54.88539123535156	9.361442850789475	16.473569533370338	-54.88539123535156	1.0	0.6025698691635248
111.00462034449924	529.1022962092179	7.922536342125983	21.787544160218324	-52.90545654296875	6.5945304441765815	22.225567053431927	-52.90545654296875	3.0	0.6036703869652864
111.00462034449924	535.1682857369099	-1.8411701178865378	5.803089947585658	-53.19888687133789	-1.8569138160850531	5.798071353683093	-53.19888687133789	0.0	0.6065989527692003
111.42271323318955	541.1472926023745	-3.801216117918778	11.0884501236127	-44.61941146850586	-4.5474513888075245	10.803872268099273	-44.61941146850586	4.0	0.5993606990856736
111.31839328423578	547.1237784752591	-8.333873825019756	3.365975662969418	-34.40806198120117	-8.235205890773702	3.6006428636589263	-34.40806198120117	359.0	0.5977396259287076
111.63191881106036	553.1062019076909	-7.93624668302243	4.511711864736992	-26.437955856323242	-8.141334595634145	4.130160573891005	-26.437955856323242	3.0	0.5990633387287195
111.52762494564921	559.0811934554196	-9.635556969777921	-1.0563813733338787	-19.603572845458984	-9.653174288201916	-0.8809800709210739	-19.603572845458984	359.0	0.5975901706503521
111.83926412554507	565.0276232442641	-3.902315774360129	-1.5969141402188367	-10.322722434997559	-3.8094503751862803	-1.8072883037976724	-10.322722434997559	3.0	0.5954590347967197
111.83926412554507	570.9559374612645	1.0078452315678539	-2.2119467066521676	0.9173544645309448	0.9984898845850072	-2.2161855053773927	0.9173544645309448	0.0	0.5928314217000421
112.25231473519572	576.86283637701	2.736637903920946	-0.5516654250897801	9.025789260864258	2.764309322089695	-0.39002016643287724	9.025789260864258	4.0	0.5921322960873524
112.25231473519572	582.7970488443024	1.8522226166214368	5.181552387791709	17.699298858642578	1.8967587739138827	5.165415755051536	17.699298858642578	360.0	0.593421246729233
112.45873476551391	588.708145115161	0.5303326436181641	17.661685666677617	20.435810089111328	-0.26896230406158134	17.66759894780291	20.435810089111328	2.0	0.5914699345890261
112.45873476551391	594.6094612417251	3.7401049997088656	35.13993489621119	5.290585517883301	3.9879159560012347	35.112674866017805	5.290585517883301	360.0	0.5901316126564082
112.87373933698396	600.5443031133279	6.020300713134706	35.83969831120512	-18.251354217529297	3.729422125419679	36.14995721055835	-18.251354217529297	4.0	0.5949334150581158
112.77017174369374	606.4776865591145	7.372883623843541	27.18465164793279	-40.0411262512207	7.965833919024849	27.01685007777014	-40.0411262512207	359.0	0.5934287266480645
113.18456908719348	612.4038446661724	7.9316939351691325	10.53573538406938	-52.3463020324707	7.2218050408942975	11.034447005430046	-52.3463020324707	4.0	0.5940629181168247
113.39307922786034	618.3747938663649	3.2442999015731924	-2.3977626290268512	-51.60527420043945	3.312754097618616	-2.3022614458867725	-51.60527420043945	2.0	0.5974588758236117
114.01919225843992	624.3318614288369	3.6631666682319084	-2.7698156979210355	-46.229736328125	3.9350542041526246	-2.3677029902578175	-46.229736328125	6.0	0.59898807559848
114.33286134545133	630.3170241528168	-0.7151430452431095	0.2060420772260476	-42.70432662963867	-0.7235341413330276	0.17430220616128478	-42.70432662963867	3.0	0.599337643809101
114.85571937346113	636.2933187598874	2.4482260536286953	14.018678252824522	-47.032318115234375	1.2423532705989706	14.176519640479944	-47.032318115234375	5.0	0.5999123081580833
114.96044412715804	642.2929958809746	-6.052985009570513	6.254198414931814	-59.0743293762207	-6.074733758045448	6.233075894635329	-59.0743293762207	1.0	0.6000591040167067
115.48204715622145	648.2549457844482	-5.304095115484717	6.511652952076668	-66.93701171875	-5.8638358308992675	6.01252679916352	-66.93701171875	5.0	0.5984723583546456
115.89726935796801	654.1928999140027	-14.032314331360848	-13.592170324390587	-62.0228271484375	-13.149852733180703	-14.447640385786848	-62.0228271484375	4.0	0.5952454008349606
116.82352142958828	660.0410253341661	-14.941543136831369	-7.328724513356699	-50.2486572265625	-13.648579126777914	-9.522405269812358	-50.2486572265625	9.0	0.5921023039149753
117.54832289048817	665.9440595232369	-24.12881837029377	-8.26777320718066	-28.151704788208008	-22.948143674670455	-11.132773762126089	-28.151704788208008	7.0	0.5947364945508294
118.57770152134094	671.7819558378952	-28.975664304761516	9.12150060408985	-20.15224838256836	-30.113538512307684	3.9957093788718296	-20.15224838256836	10.0	0.592795527533381
119.40314729255519	677.6553076858632	-35.94073773520837	19.692548557963622	-20.079120635986328	-38.22522220817106	14.777194753901439	-20.079120635986328	8.0	0.5931072639181247
121.24152448191431	683.3132508966723	-38.37926565940269	29.843387806354762	-24.325592041015625	-45.69475569467676	16.600756920071348	-24.325592041015625	18.0	0.5949113553051106
123.1900041099589	688.9720466273692	-40.415055343227884	28.133475354279614	-24.722484588623047	-47.264310056428776	13.818615299508014	-24.722484588623047	19.0	0.5984859395395812
126.37656603003916	694.071611697001	-34.24625225764703	25.495553483366265	-23.267593383789062	-42.56390117695124	3.3381668197249152	-23.267593383789062	32.0	0.601329699664951
129.9204617455315	698.9493656878399	-30.93697088961148	25.142900376037762	-12.826727867126465	-39.775129160982914	2.683413380594711	-12.826727867126465	36.0	0.6029235510197791
134.57516272192063	702.8551235603685	-23.34425885262073	28.429996807544235	3.2713701725006104	-36.781237376785185	0.5997640266944144	3.2713701725006104	50.0	0.6076280584240454
139.3970086700853	706.6223624928992	-11.545716319565692	31.064267565018035	5.397605895996094	-31.430139256382116	10.508978590107835	5.397605895996094	52.0	0.6119010338494902
144.99182834929337	709.1133367032114	-5.92831195670171	27.190389508511807	1.9102323055267334	-27.238346503775002	5.703914797825219	1.9102323055267334	66.0	0.6124292592560712
150.68568537827224	711.2990036372701	-7.78906770986285	19.878262352116096	-7.125300407409668	-21.349653398178194	-0.08479213431910541	-7.125300407409668	69.0	0.6098946451075725
156.6960641689805	712.5765490873574	-10.070857575478954	14.432623366478559	-9.886695861816406	-16.20009543716975	-6.8760233689827235	-9.886695861816406	78.0	0.6144654228256863
162.78502403974915	713.4322965900647	-13.339631572847974	12.164464059797348	-12.978411674499512	-14.12379436068127	-11.244482612313107	-12.978411674499512	82.0	0.6148799565461567
168.89790543247923	713.325595848456	-17.311811788390834	9.533183220691487	-24.489368438720703	-9.170142430406651	-17.5068243128786	-24.489368438720703	91.0	0.6113812555995277
174.91674792146088	713.7464743153007	-28.529902094467143	5.437009441208361	-30.696430206298828	-7.234434313358257	-28.127910433400032	-30.696430206298828	86.0	0.6033539888906366
180.9143079432838	713.6417865157089	-37.39721602334394	-3.2769747725299108	-31.564071655273438	3.8904538694273834	-37.338381039438595	-31.564071655273438	91.0	0.5998473618409251
186.89587311445138	714.060058298561	-46.66439692608394	-7.1392838034622335	-23.48318862915039	3.660003996465309	-47.06527047035157	-23.48318862915039	86.0	0.5996171543681462
192.856904200979	714.1641084832155	-46.22758266831991	-11.656273296492602	-18.23196792602539	10.946465727715754	-46.400786572975484	-18.23196792602539	89.0	0.5961939118732686
198.7723402436835	714.5777560669376	-44.084575366280795	-11.12368110843756	-4.86242151260376	7.733897605536389	-44.803715185847935	-4.86242151260376	86.0	0.5929880934626471
204.71981160954843	714.4739425680878	-39.243753834463185	-9.433560768398596	-5.791202068328857	10.347086522407698	-39.012845119124826	-5.791202068328857	91.0	0.5948377332544297
210.64795646764918	714.888478838754	-34.0491150682492	-7.309235533685406	-0.5026462078094482	4.531305872857698	-34.5287478502243	-0.5026462078094482	86.0	0.5942620783654662
216.51542263393543	714.375142065582	-31.469632896488818	-4.438529483528462	-6.0818867683410645	7.126172981048729	-30.971858149941436	-6.0818867683410645	95.0	0.5889878933832561
222.33777944872512	713.5568631788964	-31.529349749705343	-3.325134213359342	-6.052526473999023	7.264610104670623	-30.86068458740367	-6.052526473999023	98.0	0.5879576448616315
227.90480653517946	711.6399820290986	-30.515098371852826	-4.174292672842707	-1.7545158863067627	13.529311651257485	-27.668640628074808	-1.7545158863067627	109.0	0.5887802979360502
233.15998892308315	708.9623328607269	-26.98790529103859	-6.979382630713876	3.2010531425476074	18.21236988588304	-21.1037531506545	3.2010531425476074	117.0	0.5898029077498286
236.72342018125943	704.2334998623637	-21.4631733277008	-11.414100205162711	-0.210901141166687	23.94282680007901	-4.206012079136331	-0.210901141166687	143.0	0.5921140418716302
239.31097722021318	698.9282217250914	-22.696823645073906	-15.390716961364012	-9.111023902893066	27.21584505069584	3.364186430166826	-9.111023902893066	154.0	0.5902662750289862
239.82647487789865	693.0360565357955	-24.379461214290533	-11.422051928236705	-15.418327331542969	25.387361359764856	8.961209881436247	-15.418327331542969	175.0	0.5914672303097471
239.929860578738	687.1130937015398	-28.155042443343216	-4.119273779737553	-22.975950241088867	28.213878669498165	3.6948453122868123	-22.975950241088867	179.0	0.592386506759836
239.41132115029117	681.1861609133488	-30.113410539194046	0.6939337809686152	-15.225284576416016	30.060619447635034	1.9126413199757988	-15.225284576416016	185.0	0.5949572708572224
239.20236247292894	675.2023673027412	-24.475901289074603	8.03641044318625	-16.320085525512695	24.703561453121775	-7.306687912844825	-16.320085525512695	182.0	0.5987440997888234
238.2647993424519	669.2828266675884	-16.503614549746842	13.615435868735316	-20.281543731689453	18.340951619068395	-11.016300686221857	-20.281543731689453	189.0	0.5993328453777123
237.84838310247972	663.3277969958714	-6.402062823043614	24.701129574677328	-16.31513786315918	8.046374496887525	-24.215451020186144	-16.31513786315918	184.0	0.5969571247245775
236.91445852689583	657.4312292921865	-7.311368153519066	23.28962284281199	-9.122482299804688	10.868008415267216	-21.857470794270863	-9.122482299804688	189.0	0.5970069161828849
236.28658392434633	651.4574014919804	-9.563087518570903	14.574777356070427	-8.551794052124023	11.060641739143069	-13.473640272220274	-8.551794052124023	186.0	0.6006733313793884
235.2436858416916	645.5428325561064	-11.074998971087583	11.145261999478418	-17.16097640991211	12.786984271411654	-9.130470989455016	-17.16097640991211	190.0	0.600581069531918
234.61226425109558	639.5352574189111	-11.267637169383294	17.96120687623627	-22.534130096435547	12.93038417111726	-16.80386161033068	-22.534130096435547	186.0	0.6040666540549864
233.3504280204405	633.5987846949404	-15.97682600789971	21.55247823565069	-21.918594360351562	19.926593491559007	-17.963829191101084	-21.918594360351562	192.0	0.6069097056024297
232.6081254520771	627.5532154238138	-25.02182687336066	24.95995278048291	-19.907726287841797	27.70613226914389	-21.9422263585324	-19.907726287841797	187.0	0.6090970441152138
231.44912045526456	621.5906516129321	-36.487347143879745	19.160159611213206	-17.330717086791992	39.32623648185639	-12.324177136761016	-17.330717086791992	191.0	0.6074163298880872
230.81583366465418	615.56533028302	-45.24695782103443	12.608740006703032	-23.833885192871094	46.17436204482042	-8.613698762375508	-23.833885192871094	186.0	0.6058510484257327
230.0737150499726	609.5212591944048	-51.99743012727152	7.569218912582267	-37.827335357666016	52.52235836806856	-1.5581034122471176	-37.827335357666016	187.0	0.6089461007551591
229.75324581994144	603.4063420119692	-47.62559006432644	36.320442090104436	-56.23215103149414	49.313877635414535	-33.99283476197979	-56.23215103149414	183.0	0.6123308964558601
228.6866100676935	597.357150062091	-46.76211650238573	44.23919678502049	-57.16236114501953	53.52876009564779	-35.75575358720674	-57.16236114501953	190.0	0.6142510486311237
228.47226373327146	591.2190741393172	-41.395445144880526	56.84234648200314	-26.32620620727539	43.21929722168609	-55.468257408958365	-26.32620620727539	182.0	0.6141817351958367
227.41041403714465	585.1970252625066	-37.9746552837682	44.6607343828891	-14.549531936645508	45.01668622818985	-37.55201193774708	-14.549531936645508	190.0	0.611494868759012
226.9862022529252	579.13051411422	-34.592649679587566	28.411817505504573	-11.837175369262695	36.415479556643405	-26.03450853157117	-11.837175369262695	184.0	0.6081324950218991
226.14657610433974	573.1562636384529	-32.56301490613931	19.44358085630502	-23.365564346313477	34.86898180146897	-14.918340538476372	-23.365564346313477	188.0	0.6032962855562152
225.8321074925798	567.1558450734614	-29.997463946453962	22.511647213143043	-27.62148666381836	31.090312730854468	-20.976523967652142	-27.62148666381836	183.0	0.6008653215395029
225.10055032162452	561.1977900413325	-27.428830420779775	21.7560766624103	-32.14582061767578	30.02495800668158	-18.00470790347835	-32.14582061767578	187.0	0.6002798985494325
224.78634334623396	555.2023637956675	-21.225326135746123	26.17727608039294	-29.026290893554688	22.698087371186983	-24.91106345076142	-29.026290893554688	183.0	0.6003654044879144
223.74694387825505	549.3076364895983	-18.45472954537069	20.76030795134089	-26.31830596923828	21.665936019496925	-17.38259604392714	-26.31830596923828	190.0	0.5985662976392202
222.9217212106546	543.4358721063289	-20.168092822606635	13.274508180444844	-30.50115394592285	21.708992832650686	-10.568072942873524	-30.50115394592285	188.0	0.5929469573558166
222.09637826588755	537.56325190655	-28.19420643031776	6.90396973224764	-39.53383255004883	28.894496716726373	-2.7723877409647764	-39.53383255004883	188.0	0.5930333800666545
221.6840987829786	531.6673806169791	-22.124048161489775	20.556713438729552	-53.304561614990234	23.42119352887686	-19.065667261778696	-53.304561614990234	184.0	0.5910268406359778
221.1679555445856	525.7678364064305	-25.31788836862667	25.83799843736859	-54.52338790893555	27.39753600406378	-23.621444824602328	-54.52338790893555	185.0	0.5922079511012679
220.65183499926812	519.8685515789219	-19.707360856680264	37.5071194968398	-43.64855194091797	22.561113096323425	-35.86307656546684	-43.64855194091797	185.0	0.5921819137171572
220.03594132741458	514.0087147198581	-25.203203280001926	26.6684213133667	-40.810245513916016	27.84223117611435	-23.900132092859604	-40.810245513916016	186.0	0.5892114478680184
219.7289669766342	508.1512951729914	-22.558579717817207	27.361142531388914	-44.29391860961914	24.059209715566247	-26.051412003392368	-44.29391860961914	183.0	0.5865457953139938
218.91325697993196	502.3472169602102	-32.75535427394697	16.690092218142468	-44.037994384765625	34.70018461245149	-12.139588120017127	-44.037994384765625	188.0	0.5861118212321071
218.40114830804268	496.49378805581796	-34.48367614523565	22.446004942858487	-38.501956939697266	36.03427400879826	-19.861474140737062	-38.501956939697266	185.0	0.5875788051878535
217.67979573353347	490.61884279230367	-43.057097604192165	6.718602512125343	-40.78474044799805	43.55032958030869	-1.5562992190955474	-40.78474044799805	187.0	0.5919065077023571
217.15880217284212	484.6638591441997	-44.85288157760625	6.600016098846436	-51.04207992553711	45.24578226262139	-2.856638892695048	-51.04207992553711	185.0	0.5977730718213025
216.42647897465034	478.69956532088366	-45.50417362508398	0.9457752919496614	-50.63632583618164	45.28534737069318	4.556492260533732	-50.63632583618164	187.0	0.6009084628914432
215.9027450509734	472.7132591805259	-36.7316450656629	18.538138506458615	-40.31073760986328	38.2124781085253	-15.25394523787063	-40.31073760986328	185.0	0.6009172857298681
215.0652379411938	466.7540864493185	-32.56268674346927	7.91541250149343	-30.823448181152344	33.31489016898641	-3.6194496889003216	-30.823448181152344	188.0	0.6017736933374301
214.32726763392162	460.743800613335	-21.849860972423976	2.9023816664996738	-28.77288246154785	22.04136983392055	-0.13512844492184095	-28.77288246154785	187.0	0.6055422033569519
213.37448572567436	454.7281723969838	-14.205371614743012	-3.8534618789865713	-31.550800323486328	13.45266214781409	5.972238466648759	-31.550800323486328	189.0	0.6090613778761872
212.6276495989063	448.6456802556579	-0.5830226494917681	13.041297121933535	-31.425992965698242	2.053565947140654	-12.891788585495679	-31.425992965698242	187.0	0.6128170595662056
211.87774982940036	442.5382367465434	-6.991157905016538	18.595176399664734	-29.290943145751953	9.083220831272127	-17.66782311202678	-29.290943145751953	187.0	0.6153309343867697
211.34173893876772	436.4116042317626	-13.17338136688201	30.942141570699274	-24.472063064575195	15.907890981149155	-29.62926097880917	-24.472063064575195	185.0	0.6150035255675042
210.38388455868355	430.36394968866813	-20.62754973796341	38.89237823434559	-14.089179992675781	26.36260276370043	-35.257992972358586	-14.089179992675781	189.0	0.6123039317696545
209.43350984023257	424.36351987053945	-23.881364888464628	34.05734446491005	4.304823398590088	28.772561302646743	-30.039341154941557	4.304823398590088	189.0	0.607522593059376
208.17127224801615	418.4251588888825	-23.48103010308991	20.865015893909014	7.261116981506348	27.464000364662898	-15.245863272543358	7.261116981506348	192.0	0.6071027498510444
206.79922435998088	412.48216656349524	-23.521315139645203	8.006828072129801	-4.233585834503174	24.69421826398873	-2.749026374124822	-4.233585834503174	193.0	0.6099317436129552
205.11324450282945	406.60245605764044	-23.83607512143539	6.738151455577934	-9.796058654785156	24.769246065864802	-0.21356863453954333	-9.796058654785156	196.0	0.6116659522270285
203.22451868406378	400.78955569898756	-24.268598575482777	4.084173691963293	-13.732946395874023	24.38698240162523	3.3046090399426977	-13.732946395874023	198.0	0.6112045140384605
200.2689378903915	395.45754680263974	-21.863543416957164	0.24109053101930739	-20.002513885498047	19.382490629259557	10.118879008861787	-20.002513885498047	209.0	0.6096374061576032
196.61378913923042	390.60700058015914	-10.569215212816337	10.761974995280404	-29.481597900390625	14.915862092424524	-2.246213269848183	-29.481597900390625	217.0	0.6073541886702947
192.05911685945955	386.6476843722551	-10.199593427707294	16.28335462599469	-25.137290954589844	18.972825031970395	-3.035004822511839	-25.137290954589844	229.0	0.6034999951142039
187.33008889933444	382.952962799661	-4.237388831549205	14.583952757070344	-19.324874877929688	14.082639634286787	-5.685631280782505	-19.324874877929688	232.0	0.6001222620986292
182.59825203972423	379.25604667427285	-8.194685356281354	8.066014500795776	-15.35953426361084	11.406691033902383	1.4494335695680485	-15.35953426361084	232.0	0.6004787165597172
178.48798364840445	374.84832346161807	-9.247882872785729	-0.9333258134362318	-18.066131591796875	6.093615267827295	7.018709829483772	-18.066131591796875	223.0	0.6026800989584639
175.0691553824741	369.965730688236	-13.922375854699226	-2.8112941523420263	-30.39366912841797	9.8353997307841	10.246991577345838	-30.39366912841797	215.0	0.5960545185015106
172.5432816777648	364.54897704815386	-10.741117484317806	8.454456906416947	-41.55632781982422	13.276229973646387	-3.2544068708801905	-41.55632781982422	205.0	0.597672635892635
170.1969424613468	359.02134825413043	-17.718104382923034	12.631644629882254	-35.033016204833984	21.280100639260418	-4.543895439239109	-35.033016204833984	203.0	0.6004996902831649
168.5411664305764	353.2469710086562	-18.301942382994216	13.244655038032358	-36.72138595581055	21.251485154110068	-7.665269780741915	-36.72138595581055	196.0	0.6007081390918925
167.27948005769377	347.311203310074	-27.037412074623344	7.342494172830556	-43.40284729003906	27.983568017742524	-1.361540806372225	-43.40284729003906	192.0	0.6068376279949146
166.32640973934295	341.2937541439946	-22.097100525758744	13.17126610868958	-51.339691162109375	23.90525985845478	-9.502770840715494	-51.339691162109375	189.0	0.6092457426857483
165.25956326561356	335.2433671332098	-30.080999145690186	3.989701137543552	-43.941165924072266	30.322320710617525	1.1580550472172775	-43.941165924072266	190.0	0.6143723982958701
164.7197068765669	329.07278037042664	-25.12313352101771	-1.1050789792659248	-51.58751678466797	24.937908566496702	3.239406395367744	-51.58751678466797	185.0	0.6194157401764149
163.96688659005454	322.9415511590629	-32.05156965208011	-12.131702385606001	-59.1612548828125	30.469104891943168	15.68805172794971	-59.1612548828125	187.0	0.6177273672589301
163.7504278056967	316.74298258487954	-21.969305863501432	12.833024810730285	-67.93749237060547	22.445555610944997	-11.980565897856126	-67.93749237060547	182.0	0.6202346876318581
163.3149046056788	310.51471065436846	-16.425792122700994	13.97343035064564	-64.64691925048828	17.51924776216251	-12.575347330014171	-64.64691925048828	184.0	0.6243480735787222
163.64104729398392	304.2915374391157	-11.178663029582335	31.265602983567497	-41.58588409423828	9.452050068784153	-31.830161585392766	-41.58588409423828	177.0	0.6231713562109105
163.64104729398392	298.0871288406377	-15.04766226245249	20.86768100008024	-32.60722732543945	15.206829495591455	-20.751977895563503	-32.60722732543945	180.0	0.6204408598477962
163.53298067435435	291.89599634849355	-12.662303824655254	16.555794166487203	-26.531705856323242	12.747743722011977	-16.490096683430185	-26.531705856323242	181.0	0.6192075575246274
162.7827524629344	285.78587789464984	-19.586345401535674	12.157453425764556	-35.86207962036133	20.90064533036431	-9.725822575094236	-35.86207962036133	187.0	0.615600437696495
162.24952452911523	279.6910547218034	-25.04060723409265	19.257060697249486	-43.3341178894043	26.538034259130328	-17.134734751692807	-43.3341178894043	185.0	0.6118104407222131
160.98009991043938	273.71888143906784	-32.134551124481085	18.504693085177045	-50.146568298339844	35.26875531012865	-11.452857330062214	-50.146568298339844	192.0	0.6105595186508954
160.2362301296422	267.66054824695397	-32.32940034378733	22.13083899346212	-41.20982360839844	34.80212606025538	-17.993781782313373	-41.20982360839844	187.0	0.6103830216958204
159.2793418552032	261.61899345483994	-32.947119509554234	11.659787999885438	-23.959959030151367	34.382002236802435	-6.272261344015719	-23.959959030151367	189.0	0.6116863532552863
158.53600310438307	255.56498515482298	-19.419167464618244	6.05997023026387	-21.340099334716797	20.023147545290882	-3.5917776365031004	-21.340099334716797	187.0	0.6099472845676509
157.37092203682906	249.57116266980702	-16.699253610210587	2.9302979753813783	-14.319060325622559	16.9535213167356	0.17272036836208393	-14.319060325622559	191.0	0.610600703208371
156.30690895844157	243.53684464251262	-16.706019900033937	-2.7360297752222675	-19.862564086914062	16.022489081902865	5.464137942213411	-19.862564086914062	190.0	0.6127407109496633
154.92889280779053	237.56800093159376	-25.46344291300862	-10.051912826183855	-28.262964248657227	22.683990023509686	15.325288677951919	-28.262964248657227	193.0	0.6125848819292793
153.7596916130087	231.55298222950162	-27.16588394557227	-2.6170330707565657	-50.52312088012695	26.296736933355906	7.301762752624196	-50.52312088012695	191.0	0.6127599972289097
152.37654255349335	225.56190544767202	-34.64779799634099	10.902579336942873	-57.480709075927734	36.19352788107838	-3.060176745742967	-57.480709075927734	193.0	0.6148666711297336
151.41119606943374	219.46694762175437	-26.845904961757938	24.96687331813441	-57.55449295043945	30.269294582679922	-20.683741972052722	-57.55449295043945	189.0	0.6170932241890295
150.34237200614683	213.40534514326546	-25.186338294492547	34.571069330988664	-45.1547966003418	30.718028619264032	-29.764293862255872	-45.1547966003418	190.0	0.6155112467330222
149.59142213076873	207.2893492081418	-17.90676153368716	40.629394670761435	-18.150768280029297	22.74130284996861	-38.13440657231794	-18.150768280029297	187.0	0.6161925997103458
148.63292504595316	201.2376367870759	-18.518468410240114	30.279861765139263	0.24405813217163086	23.1080553387429	-26.941074203501977	0.24405813217163086	189.0	0.6127147777627298
147.7773908949218	195.15019499236172	-19.669659125040052	15.587021732167331	1.2463126182556152	21.731703965027595	-12.553237803480501	1.2463126182556152	188.0	0.6147266570404601
147.13790414058505	189.06588494795403	-18.739752751743264	3.5412282796246646	-3.9545650482177734	19.01097237172357	-1.5170894523546579	-3.9545650482177734	186.0	0.6117824125083398
146.71293099616312	182.98848584151054	-16.868941516680113	0.5631491517352243	-25.888320922851562	16.87140575993351	0.4837277580999747	-25.888320922851562	184.0	0.6092239495660038
146.289249062354	176.92955190710802	-22.486407984297283	2.1970450801061694	-38.20459747314453	22.5757521372112	-0.8949673510755289	-38.20459747314453	184.0	0.6073729233550877
146.07784067768276	170.87560785753058	-15.643381066038366	25.712305326017646	-38.87538528442383	16.401233530941767	-25.23564057081085	-38.87538528442383	182.0	0.6057634196658238
145.55311459621845	164.87796130177045	-13.976515690762499	25.191367166480163	-32.827613830566406	16.064178987012426	-23.914224303618415	-32.827613830566406	185.0	0.6020556591245538
145.13199285488517	158.85563982551784	-9.54568966149424	27.279595225621613	-18.14265251159668	11.316359871280323	-26.593918591493654	-18.14265251159668	184.0	0.6037027371509671
144.60607922004192	152.84441947252404	-9.867570767708653	22.266301945936966	-12.233396530151367	11.875141073418794	-21.263541090086022	-12.233396530151367	185.0	0.6034182238179497
144.18860422352054	146.8742488767496	-8.626906620775888	19.736121787793262	-6.740952014923096	9.93730378231672	-19.109893108129846	-6.740952014923096	184.0	0.5984749143896526
143.8728829649189	140.84992838614966	-6.749382299457538	16.636856972023175	-7.154191970825195	7.6563400395152685	-16.239446681802377	-7.154191970825195	183.0	0.6032587942715388
143.55825385633295	134.84644735928327	3.2826044777632775	14.598389660114238	-9.058759689331055	-2.6475753584302875	-14.72680608779088	-9.058759689331055	183.0	0.6011719880027195
142.92851878566017	128.8549183872968	4.213514249881993	5.102670038187126	-14.663690567016602	-3.6996050435370313	-5.486699041719582	-14.663690567016602	186.0	0.6024531988577078
142.61341370352423	122.84235524406303	-0.7293469407179174	4.908885082843114	-13.539752960205078	0.9480169278858991	-4.871382105823358	-13.539752960205078	183.0	0.6020814460200639
142.19250353118602	116.82305934539903	-8.993400668265426	0.32460806268011494	-9.761524200439453	8.994971751352066	0.2776853735656341	-9.761524200439453	184.0	0.6033994405768954
141.76977500421955	110.77775976406028	-16.749122392474998	-4.777766843572097	-9.036581039428711	16.408245344999916	5.842057995940554	-9.036581039428711	184.0	0.6060061586786536
141.02715611267465	104.72961424736015	-22.266679070136327	-4.9194729744148	-18.676856994628906	21.55919673394784	7.4301579623435785	-18.676856994628906	187.0	0.6093566033880264
140.59939935088948	98.61240755801879	-20.510234902401535	6.390037678374431	-28.905797958374023	20.874199116331948	-5.076428718544331	-28.905797958374023	184.0	0.6132144284618188
139.63729092785817	92.53789404482322	-24.593756549979716	10.261974257213291	-31.804473876953125	25.86125226087125	-6.430910386170846	-31.804473876953125	189.0	0.6150233088238475
138.9901619570195	86.38087316737797	-23.914828532401376	22.265302807207362	-31.52056312561035	26.086261315325807	-19.676628354962933	-31.52056312561035	186.0	0.6190935469716621
138.0228789753531	80.27368877676247	-30.899382592545187	24.462433895842942	-26.259809494018555	34.08820289256226	-19.778193554126233	-26.259809494018555	189.0	0.6183311212255055
137.2680151902633	74.12581660505896	-31.43215247348766	25.949618345210382	-23.238704681396484	34.403816148452776	-21.857271920395636	-23.238704681396484	187.0	0.6194041618656323
135.66554892231852	68.1453310756738	-34.37321809647977	26.280672395394795	-20.22085952758789	39.804293977793385	-16.96496521634015	-20.22085952758789	195.0	0.6191454215859652
131.917936355127	63.17208122494273	-26.706241236842935	29.425838253564706	-29.968374252319336	38.915356416677106	-8.043526147678651	-29.968374252319336	217.0	0.6227183475020488
126.32543784175994	60.444437448467475	-20.51708983712575	36.557430045506635	-30.392786026000977	41.86675780712655	2.1380499611113875	-30.392786026000977	244.0	0.6222224698076814
120.19850595959656	59.36409404867918	-13.407685682086516	37.27183108982144	-28.057750701904297	39.11456598807025	6.24549082960708	-28.057750701904297	260.0	0.6221449682359903
113.99301995639533	59.36409404867918	-13.151127543738072	35.64406370753847	-17.124855041503906	35.61580398879315	13.227469126427549	-17.124855041503906	270.0	0.620548600320123
107.82687349358041	59.687248091529284	-10.278083490281897	33.264170472676525	-16.271209716796875	32.66108175565539	12.058100016954782	-16.271209716796875	273.0	0.6174608549235765
101.7210177733644	60.54537015102081	-15.235033455922403	36.29700644512105	-10.18417739868164	33.736687800485605	20.2833630725479	-10.18417739868164	278.0	0.616586146009465
95.63165772949571	61.078120122987045	-14.703567588951193	35.217399112447424	-21.09687042236328	33.89491763492118	17.538376738175568	-21.09687042236328	275.0	0.6112620409979213
89.6470677120696	61.91919939938771	-13.17867996916814	40.549692103014145	-14.30485725402832	38.414691591348486	18.500448787004625	-14.30485725402832	278.0	0.6043404009816562
83.71916206959527	62.43782394155557	-11.347207040136016	42.37363164538754	-11.063899993896484	41.373398521693446	14.578259882298541	-11.063899993896484	275.0	0.5950549279000871
77.82235309837314	63.057603538983656	-16.714320368913626	42.896560785176455	4.545600414276123	40.90861366833542	21.11797244827022	4.545600414276123	276.0	0.5929290243568274
72.02488710369335	63.87238424903468	-32.29000970895259	41.134841449650914	-1.9722185134887695	36.4897024998957	37.4595984970645	-1.9722185134887695	278.0	0.5854441012166728
66.32842388822816	64.77461538724545	-39.055933696326	39.428198511524336	-8.072086334228516	32.76380517000611	44.79377038760929	-8.072086334228516	279.0	0.5767470345992687
60.61465178088821	65.27450567260831	-31.41265841356525	36.83144308323807	-31.56464385986328	34.09484502686763	34.36352500537476	-31.56464385986328	275.0	0.5735597788549699
54.971781810845435	66.26949589695641	-22.57804178552154	42.1720638625751	-34.52632522583008	37.646338273023716	29.51277953583733	-34.52632522583008	280.0	0.5729920334992347
