0.0	0.0	5.24403190612793	-6.425385475158691	-34.49768829345703	5.925083637237549	30.304901123046875	-5.035623073577881	187.27831287250095	0.0
0.0	6.198578381363388	-4.184911251068115	1.1090583801269531	-24.053071975708008	-0.5586467981338501	23.122560501098633	-2.8104679584503174	4	0.6198578381363389
0.0	12.270900297501871	-10.502252578735352	2.4711802005767822	-17.53336524963379	5.879011631011963	19.075471878051758	1.5014737844467163	178	0.6072321916138483
0.0	18.322386347779073	-17.374649047851562	1.8620967864990234	-7.2988715171813965	-5.897673606872559	10.192730903625488	1.6965411901474	3	0.60514860502772
0.0	24.251108933940117	-16.973039627075195	7.050700664520264	-6.669525146484375	3.8294131755828857	11.290767669677734	4.684523582458496	161	0.5928722586161044
0.0	30.126786013020386	-19.167991638183594	11.766633987426758	-11.999061584472656	-4.943955421447754	18.79741668701172	4.366048336029053	12	0.5875677079080269
0.0	35.931311998892646	-18.054506301879883	9.65269947052002	-15.251498222351074	7.694361686706543	18.872760772705078	4.1421942710876465	170	0.5804525985872261
0.0	41.82196964953291	-15.929533004760742	12.824190139770508	-6.62259578704834	-3.6235551834106445	13.367143630981445	5.134613990783691	22	0.5890657650640263
0.0	47.78914152930618	-19.544300079345703	26.179441452026367	-7.806468486785889	7.36071252822876	14.444643020629883	7.493838787078857	88	0.5967171879773272
0.0	53.77380343501543	-26.827777862548828	34.44709014892578	-20.621482849121094	-2.560689926147461	36.11313247680664	11.877584457397461	16	0.5984661905709251
0.0	59.77500961604637	-29.620370864868164	24.219806671142578	-36.37849044799805	9.13268756866455	44.093379974365234	7.043092250823975	61	0.600120618103094
0.0	65.68393734939987	-27.83365821838379	16.20023536682129	-36.12468338012695	-5.893038749694824	42.87635040283203	2.5710933208465576	14	0.59089277333535
0.0	71.5792676492446	-33.02185821533203	6.278314590454102	-35.265098571777344	5.332613468170166	41.266822814941406	4.565932750701904	62	0.5895330299844733
0.0	77.43477594992747	-38.99620819091797	1.794027328491211	-32.99998474121094	-11.813010215759277	36.22808837890625	-0.23228216171264648	14	0.5855508300682869
0.0	83.2803739525558	-43.162010192871094	0.5561857223510742	-32.89978790283203	12.086828231811523	41.50905990600586	8.76144790649414	170	0.5845598002628335
0.0	89.14689203589053	-49.60036849975586	-1.8465557098388672	-16.174930572509766	-18.180377960205078	20.2073917388916	1.4543919563293457	13	0.5866518083334722
0.0	95.07808309275504	-51.04072952270508	15.22990608215332	-8.596784591674805	4.881577491760254	19.745882034301758	11.22024917602539	135	0.5931191056864509
0.0	100.95582957329238	-46.12504196166992	17.836078643798828	-13.840291023254395	-9.135669708251953	25.901506423950195	9.759384155273438	22	0.5877746480537335
0.0	106.76600735286743	-39.91683578491211	19.856689453125	-16.541845321655273	13.453459739685059	25.135704040527344	10.266073226928711	174	0.581017777957505
0.0	112.59435811420025	-34.6074104309082	16.988262176513672	-16.633319854736328	-9.956242561340332	25.85810661315918	6.41684103012085	16	0.5828350761332813
0.0	118.39601301030713	-30.377763748168945	17.9138240814209	-20.567598342895508	11.810949325561523	26.017457962036133	6.80057954788208	149	0.5801654896106881
0.0	124.27067211506751	-18.9751033782959	11.027101516723633	-35.018165588378906	-2.501913547515869	38.53215789794922	1.0907108783721924	38	0.587465910476038
0.0	130.1670529040955	-11.614795684814453	-0.10737133026123047	-39.254737854003906	11.384852409362793	39.258785247802734	0.49656611680984497	143	0.5896380789027985
0.0	136.0696929372103	-14.159549713134766	-7.302111625671387	-29.62152671813965	-4.396184921264648	26.309738159179688	-5.266018867492676	28	0.5902640033114812
0.0	141.99070525478973	-23.8967227935791	-3.5150089263916016	-19.727523803710938	0.39098334312438965	22.409252166748047	1.5586384534835815	62	0.5921012317579425
0.0	147.97304998633626	-33.24459457397461	1.7783145904541016	-9.704156875610352	-10.948065757751465	12.778351783752441	1.6059348583221436	21	0.5982344731546544
0.0	153.89767981243764	-38.426483154296875	14.208358764648438	-6.635723114013672	8.346404075622559	13.9056978225708	8.592779159545898	161	0.5924629826101383
0.0	159.80612643575026	-32.84884262084961	27.472593307495117	-20.00033950805664	-6.691582679748535	31.35908317565918	8.635149955749512	25	0.5908446623312608
0.0	165.69065097706292	-28.478111267089844	29.824047088623047	-38.56670379638672	17.649208068847656	41.615028381347656	5.193337440490723	125	0.5884524541312669
0.0	171.51205226773973	-21.974445343017578	20.677762985229492	-54.22214889526367	2.0400941371917725	60.09002685546875	2.8099892139434814	34	0.582140129067682
0.0	177.28309598026988	-15.342996597290039	12.339519500732422	-55.210052490234375	17.66655731201172	54.21247482299805	0.346846342086792	148	0.5771043712530151
0.0	183.02843369512402	-14.060981750488281	11.632936477661133	-51.85090255737305	-0.7953462600708008	53.721920013427734	-1.7222105264663696	28	0.574533771485415
0.0	188.7634233274231	-12.922142028808594	4.295015335083008	-52.105045318603516	15.220561981201172	51.51974868774414	0.45277100801467896	126	0.5734989632299092
0.0	194.4927105860764	-16.907989501953125	0.06378746032714844	-44.791019439697266	-3.425455331802368	43.571136474609375	-4.078306198120117	22	0.57292872586533
0.0	200.26848513793885	-24.01506233215332	-3.0225906372070312	-36.58230972290039	7.91385555267334	39.28409957885742	2.8068816661834717	129	0.5775774551862434
0.0	206.00185152997415	-29.274105072021484	3.7143144607543945	-29.590051651000977	-3.472435474395752	33.029483795166016	1.6102921962738037	44	0.573336639203528
0.0	211.7462836470784	-31.61393165588379	7.376759052276611	-32.31529235839844	9.597715377807617	36.09967041015625	4.481898307800293	110	0.5744432117104264
0.0	217.51585310987804	-36.97148513793945	0.9397640228271484	-34.97467041015625	-10.875406265258789	36.0256462097168	-1.8032972812652588	26	0.5769569462799624
0.0	223.2926108426669	-39.80232238769531	-1.3366165161132812	-30.12125015258789	12.754555702209473	36.842201232910156	7.629789352416992	161	0.5776757732788877
0.0	229.1325083536204	-35.46565246582031	3.510040283203125	-35.08188247680664	-8.953989028930664	37.09481430053711	-1.0431830883026123	33	0.5839897510953512
0.0	235.00411122185065	-31.363765716552734	-1.7152576446533203	-47.453678131103516	13.637248992919922	50.89619827270508	4.1734700202941895	124	0.587160286823024
0.0	240.87393211858594	-25.248624801635742	-13.946478843688965	-45.23680114746094	-6.873357772827148	39.9921875	-8.029251098632812	25	0.58698208967353
0.0	246.76022606229665	-19.395029067993164	-11.202224731445312	-34.37949752807617	8.513599395751953	37.0359001159668	2.7383556365966797	155	0.5886293943710724
0.0	252.69383999552753	-18.722604751586914	-2.0883846282958984	-28.448043823242188	-3.82210636138916	28.016712188720703	-2.698793888092041	28	0.5933613933230873
0.0	258.5907677462911	-17.666851043701172	3.4109838008880615	-28.24981689453125	8.85765552520752	29.457040786743164	1.9993771314620972	137	0.5896927750763559
0.0	264.47125446306313	-16.98175621032715	2.7049713134765625	-29.95613670349121	-3.738401412963867	30.299474716186523	-1.6860400438308716	34	0.5880486716772056
0.0	270.39614525824743	-17.163333892822266	-2.774358034133911	-26.014184951782227	7.860550403594971	27.835716247558594	2.337062358856201	150	0.5924890795184297
0.0	276.3409652992703	-23.017946243286133	-4.232485294342041	-9.44774055480957	-7.234147548675537	9.150548934936523	-1.2153732776641846	25	0.5944820041022851
0.0	282.3263974066477	-33.492431640625	11.492290496826172	0.37713363766670227	-1.3503506183624268	6.692484378814697	6.355224609375	95	0.5985432107377368
0.0	288.3146556229047	-40.870155334472656	23.12122344970703	-7.903654098510742	-11.234430313110352	18.656986236572266	8.72992992401123	33	0.5988258216256999
0.0	294.3611323254594	-41.016788482666016	26.00769805908203	-19.925003051757812	15.21240520477295	26.28623390197754	8.874518394470215	151	0.6046476702554703
0.0	300.51053350101853	-36.486671447753906	16.01023292541504	-31.17434310913086	-5.198198318481445	38.99867630004883	3.937371253967285	37	0.6149401175559158
0.0	306.67004859367717	-32.56501770019531	5.954137802124023	-35.01647186279297	17.036380767822266	41.344825744628906	6.276352405548096	173	0.6159515092658661
0.0	312.87979517115167	-29.677593231201172	-2.444976806640625	-36.48426055908203	-1.1845064163208008	36.65120315551758	-7.161303520202637	77	0.6209746577474524
0.0	319.1426988101239	-26.359783172607422	-4.607929706573486	-34.37626266479492	10.93310260772705	35.23640060424805	-5.881810188293457	189	0.6262903638972205
0.0	325.46323988555656	-17.796165466308594	-7.154263019561768	-33.19766616821289	1.697066307067871	24.469709396362305	-15.581859588623047	77	0.6320541075432682
0.0	331.78150331901736	-16.20318031311035	-10.128619194030762	-27.156417846679688	5.296450614929199	21.671485900878906	-11.05967903137207	143	0.6318263433460797
0.0	338.1398208177089	-10.428787231445312	-2.528782367706299	-19.386680603027344	1.9292492866516113	15.854348182678223	-7.223738670349121	77	0.6358317498691501
0.0	344.50973006327735	-4.463073253631592	5.112275123596191	-21.758899688720703	13.698490142822266	16.188989639282227	-4.909882545471191	183	0.6369909245568478
0.0	350.8601634187448	2.0161333084106445	5.780384063720703	-29.439058303833008	15.591303825378418	21.90831184387207	-8.160233497619629	83	0.6350433355467425
0.0	357.1947023516051	2.5160253047943115	0.5296692848205566	-42.98515319824219	25.405628204345703	22.333786010742188	-16.541276931762695	133	0.6334538932860317
0.0	363.44947347216794	-1.934401512145996	-5.981569766998291	-49.29034423828125	18.84354019165039	28.299318313598633	-23.159225463867188	90	0.6254771120562849
0.0	369.7024961843649	-9.292016983032227	-14.04605770111084	-50.800636291503906	17.883804321289062	25.402690887451172	-28.068517684936523	186	0.6253022712196973
0.0	375.9143238611752	-23.96417236328125	-11.169269561767578	-42.076576232910156	2.0495834350585938	27.809398651123047	-24.15886688232422	103	0.6211827676810295
0.0	382.1124957816387	-34.34882354736328	-5.900890350341797	-31.363903045654297	3.1906814575195312	33.20551681518555	-11.844488143920898	168	0.6198171920463499
0.0	388.29752369056183	-34.63502502441406	3.188633918762207	-17.384178161621094	-7.725532531738281	24.360260009765625	-3.9834227561950684	87	0.6185027908923131
0.0	394.46168423868505	-24.468978881835938	16.312955856323242	-10.406106948852539	7.788066864013672	23.39639663696289	7.632010459899902	171	0.6164160548123195
0.0	400.5653030973898	-16.719482421875	25.603872299194336	-22.864377975463867	9.875410079956055	33.83348846435547	3.121615171432495	86	0.6103618858704734
0.0	406.6620389751711	-16.334484100341797	22.600278854370117	-35.771602630615234	25.881359100341797	36.44915771484375	1.6295006275177002	134	0.6096735877781281
0.0	412.7578418178283	-9.736047744750977	13.973369598388672	-40.91061782836914	13.983722686767578	41.3021125793457	-2.0090527534484863	72	0.609580284265726
0.0	418.8604974647218	-1.1634535789489746	6.842442035675049	-45.17544174194336	21.44703483581543	38.0788459777832	-4.313405513763428	164	0.6102655646893489
0.0	425.0048553280324	-4.317132472991943	2.0025253295898438	-44.782535552978516	8.832756042480469	41.272300720214844	-6.234203338623047	54	0.6144357863310617
0.0	431.161935141407	-8.727505683898926	-1.7838945388793945	-52.00638198852539	19.60547637939453	46.74517822265625	-4.682402610778809	120	0.6157079813374591
0.0	437.28348835031863	-10.084343910217285	-9.31413745880127	-61.38737869262695	9.013379096984863	53.209144592285156	-12.190917015075684	50	0.6121553208911622
0.0	443.3659970637024	-12.559765815734863	-24.537181854248047	-64.3609619140625	16.960357666015625	60.024436950683594	-5.837284088134766	139	0.6082508713383799
0.0	449.3736513410362	-14.671079635620117	-40.331119537353516	-46.85358428955078	-3.042574882507324	31.01455307006836	-19.413246154785156	57	0.6007654277333756
0.0	455.35658223220986	-12.259260177612305	-44.53456115722656	-24.903934478759766	-3.0369396209716797	28.90825653076172	-0.7151446342468262	160	0.5982930891173663
0.0	461.3756554909838	-13.766697883605957	-38.446258544921875	-0.10807609558105469	-10.481315612792969	-9.587264060974121	-10.700967788696289	40	0.6019073258773926
0.0	467.41901456305493	-15.526144027709961	-14.41895866394043	16.422443389892578	-10.693944931030273	-13.250446319580078	1.099717140197754	102	0.6043359072071173
0.0	473.5318853745932	-20.115324020385742	-2.076846122741699	2.5742030143737793	-7.244579792022705	-0.25512081384658813	1.3076791763305664	55	0.6112870811538252
0.0	479.64456939476804	-22.629352569580078	-6.758484840393066	-9.350069999694824	2.82572603225708	14.331451416015625	4.71381950378418	148	0.6112684020174869
0.0	485.7154533159764	-31.710514068603516	-13.053438186645508	-2.917806625366211	-11.481142044067383	1.2759486436843872	-2.56888484954834	23	0.607088392120833
0.0	491.78014752987673	-40.81920623779297	-1.4419364929199219	-0.5482981204986572	4.2019362449646	10.348302841186523	10.195535659790039	167	0.6064694213900317
0.0	497.88420892127453	-48.41716003417969	5.767407417297363	-17.035930633544922	-16.494953155517578	21.857006072998047	2.1988070011138916	20	0.6104061391397798
0.0	504.0219346259201	-49.86225891113281	-2.5203304290771484	-27.544761657714844	10.480106353759766	36.02021026611328	9.11347770690918	141	0.6137725704645538
0.0	510.24001646951245	-47.595970153808594	-11.83320426940918	-24.947837829589844	-14.367494583129883	22.8297119140625	-4.235018253326416	23	0.6218081843592352
0.0	516.5130066105594	-46.89501190185547	-12.176996231079102	-18.712940216064453	9.285386085510254	27.000736236572266	9.097379684448242	162	0.6272990141046928
0.0	522.7882124721895	-43.77682876586914	-7.922292232513428	-14.398262023925781	-14.332239151000977	13.081124305725098	-2.2701339721679688	17	0.6275205861630077
0.0	529.0219988917272	-44.404327392578125	-5.12858772277832	-16.536117553710938	9.248208045959473	23.088558197021484	7.604669570922852	163	0.6233786419537704
0.0	535.232006797229	-41.76411437988281	-7.498115539550781	-7.435427188873291	-12.107830047607422	7.881357669830322	-0.460925817489624	37	0.6210007905501824
0.0	541.445012093546	-42.45122528076172	11.129171371459961	0.2878148555755615	-6.338651180267334	6.772538185119629	5.625868320465088	62	0.6213005296316924
0.0	547.7085715555916	-48.34354019165039	24.888654708862305	-13.818861961364746	-11.764842987060547	21.163515090942383	6.219370365142822	45	0.6263559462045523
0.0	553.9437183806299	-55.14168167114258	27.923215866088867	-33.50100326538086	17.12600326538086	34.00861740112305	2.9891562461853027	145	0.623514682503828
0.0	560.1950682999343	-65.29568481445312	15.892577171325684	-59.95243453979492	-20.68895721435547	63.062252044677734	0.16163349151611328	14	0.6251349919304391
0.0	566.4210718879474	-69.88616180419922	-9.59598445892334	-73.00437927246094	26.885791778564453	80.71639251708984	10.21039867401123	157	0.6226003588013068
0.0	572.6126914464476	-73.54740905761719	-38.833168029785156	-54.94148254394531	-23.821338653564453	41.52418899536133	-16.113698959350586	21	0.6191619558500205
0.0	578.7986312998818	-82.25715637207031	-41.888221740722656	-29.164173126220703	11.583924293518066	44.822166442871094	16.268104553222656	154	0.6185939853434196
0.0	584.9807413946849	-82.53515625	-23.520389556884766	-12.410253524780273	-25.571184158325195	6.5226731300354	-6.622711181640625	18	0.618211009480303
0.0	591.145255185611	-76.53805541992188	-5.276945114135742	-4.5753703117370605	4.296564102172852	14.021072387695312	9.933235168457031	141	0.6164513790926094
0.0	597.2717759326206	-71.82744598388672	4.0401835441589355	-5.302127838134766	-20.970884323120117	6.372918605804443	0.6725789308547974	16	0.6126520747009674
0.0	603.4201050958897	-77.38714599609375	15.610086441040039	-8.089651107788086	7.104836940765381	15.499760627746582	8.405489921569824	141	0.6148329163269014
0.0	609.5204501149877	-81.13204193115234	19.340187072753906	-21.798542022705078	-22.004314422607422	30.015615463256836	6.936049461364746	40	0.6100345019098057
0.0	615.5968930321989	-76.07624816894531	31.934629440307617	-41.34426498413086	16.191911697387695	48.84454345703125	9.330875396728516	145	0.6076442917211125
0.0	621.7297352548309	-55.322322845458984	34.74486541748047	-65.26668548583984	-15.688106536865234	73.70191192626953	4.854893684387207	18	0.6132842222631969
0.0	627.9100030819513	-43.50608825683594	22.24648666381836	-78.1009521484375	29.01102638244629	77.80170440673828	2.83709454536438	156	0.6180267827120427
0.0	634.1463156869888	-42.20363998413086	11.206417083740234	-75.22209167480469	-9.777984619140625	76.51140594482422	-2.8061909675598145	36	0.6236312605037526
0.0	640.3630438347411	-39.38942337036133	0.4656400680541992	-69.37837982177734	16.44451141357422	71.44268798828125	3.4542031288146973	125	0.6216728147752345
0.0	646.5700282421469	-34.62054443359375	-1.3958015441894531	-62.650360107421875	-10.731837272644043	59.826847076416016	-6.023883819580078	19	0.6206984407405833
0.0	652.7312964297909	-32.577178955078125	-9.015841484069824	-53.6508903503418	15.965362548828125	56.690731048583984	4.143448352813721	160	0.6161268187643902
0.0	658.8514694132782	-29.18793296813965	-11.656933784484863	-37.00286102294922	-10.132173538208008	31.5472469329834	-7.509495258331299	19	0.6120172983487367
0.0	664.8757332965988	-28.492280960083008	-6.451683044433594	-28.857248306274414	8.99927043914795	32.18556594848633	3.9869675636291504	158	0.6024263883320595
0.0	670.8661881654507	-26.02521324157715	0.6231317520141602	-31.527179718017578	-7.473730087280273	31.209877014160156	-2.096402645111084	13	0.599045486885187
0.0	676.8437640122845	-21.01287078857422	-3.505497932434082	-33.29911804199219	7.544943809509277	34.96763229370117	2.1733200550079346	125	0.5977575846833829
0.0	682.7508545905749	-17.83649253845215	-3.4008870124816895	-27.412065505981445	-5.603434085845947	25.40089988708496	-3.1965532302856445	12	0.5907090578290406
0.0	688.636071608761	-14.611332893371582	-2.37953782081604	-23.35658836364746	7.5740180015563965	24.600387573242188	1.7473087310791016	164	0.588521701818601
0.0	694.4925935651671	-9.475982666015625	-6.812620162963867	-10.450270652770996	-3.446866273880005	7.597650527954102	-3.324361562728882	23	0.5856521956406141
0.0	700.3740802900209	-8.109743118286133	-4.118449687957764	1.9731251001358032	0.15801608562469482	-0.10577769577503204	1.9130852222442627	163	0.5881486724853697
0.0	706.2632424321406	-16.584426879882812	17.908342361450195	19.839242935180664	-4.951735973358154	-12.512145042419434	7.955231666564941	42	0.5889162142119738
0.0	712.2245696538187	-24.642520904541016	44.53570556640625	3.5053467750549316	6.678131580352783	-3.0012049674987793	2.043774127960205	139	0.5961327221678088
0.0	718.2390138229202	-23.79558563232422	49.65068817138672	-30.974388122558594	-6.825201988220215	45.61708068847656	12.20911693572998	17	0.6014444169101589
0.0	724.3303581671682	-18.04606056213379	34.59632110595703	-62.46575927734375	21.07953453063965	58.28483581542969	-1.7520973682403564	162	0.6091344344247952
0.0	730.4554196778762	-13.897951126098633	5.091821670532227	-65.38123321533203	-5.053368091583252	63.7951545715332	-5.08135461807251	18	0.6125061510707901
0.0	736.6138739897449	-9.213434219360352	-11.05501937866211	-56.460391998291016	13.099512100219727	56.563865661621094	0.5496301054954529	163	0.615845431186864
0.0	742.755416461824	-9.86787223815918	-13.659913063049316	-36.684574127197266	-3.172232151031494	30.696935653686523	-7.680160999298096	21	0.6141542472079142
0.0	748.897951435441	-15.164994239807129	-5.0682878494262695	-29.670671463012695	5.406296730041504	30.506319046020508	0.9908632040023804	132	0.6142534973617007
0.0	755.0268789842555	-19.737857818603516	5.822059154510498	-35.2359619140625	-5.350502967834473	35.997013092041016	-1.2158172130584717	16	0.6128927548814593
0.0	761.1136086145461	-21.77566146850586	11.650115966796875	-48.35112380981445	14.390141487121582	48.518367767333984	1.409862756729126	162	0.608672963029057
0.0	767.1928795614755	-17.2632999420166	5.771079063415527	-61.6055908203125	-3.867685079574585	60.9138069152832	-3.8409876823425293	18	0.6079270946929368
0.0	773.2625656125026	-10.625829696655273	-12.829627990722656	-67.6511459350586	14.263240814208984	67.0108413696289	-0.0795331597328186	137	0.6069686051027111
0.0	779.3044664682726	-1.8418307304382324	-31.408052444458008	-52.190818786621094	-0.3652988076210022	39.60902404785156	-14.626574516296387	17	0.6041900855770045
0.0	785.2959857774706	-1.5136470794677734	-40.274993896484375	-17.430347442626953	-1.613274335861206	21.530607223510742	2.379906177520752	160	0.5991519309197969
0.0	791.3258779814402	-19.321380615234375	-26.27825164794922	12.456781387329102	-7.853857517242432	-20.501249313354492	-6.858724594116211	26	0.6029892203969597
0.0	797.347519164435	-38.452903747558594	-11.33239459991455	25.226749420166016	-6.513529300689697	-16.38486099243164	7.984189987182617	144	0.6021641182994759
0.0	803.369815552768	-56.376155853271484	2.3713836669921875	27.951828002929688	-20.01347541809082	-22.901044845581055	5.331683158874512	27	0.6022296388333098
0.0	809.3647320113078	-61.63963317871094	20.987653732299805	23.839569091796875	-8.146897315979004	-9.333550453186035	12.818778038024902	104	0.5994916458539692
0.0	815.356717143664	-55.089630126953125	24.850433349609375	10.22159481048584	-16.96964454650879	5.089174747467041	12.51645278930664	40	0.5991985132356297
0.0	821.3893014606033	-38.82960891723633	22.46607208251953	9.614109992980957	4.84004020690918	5.292216777801514	16.08871078491211	170	0.6032584316939336
0.0	827.4543450040464	-15.919563293457031	25.768251419067383	18.148426055908203	-5.398380279541016	-3.477477550506592	13.759621620178223	92	0.6065043543443137
0.0	833.5678054460979	-0.6063413619995117	32.84432601928711	6.483728408813477	11.50243854522705	-1.0923357009887695	11.261067390441895	168	0.6113460442051408
0.0	839.6907079893942	-2.6578049659729004	21.015064239501953	-5.9792375564575195	6.858815670013428	14.735581398010254	7.826607704162598	83	0.6122902543296436
0.0	845.8254352345007	-6.731906414031982	11.430266380310059	-9.01024055480957	9.454116821289062	11.862226486206055	2.8537039756774902	194	0.6134727245106415
0.0	851.9135668449162	-13.426555633544922	8.587921142578125	-9.257710456848145	-1.2125334739685059	14.830242156982422	-0.8041441440582275	110	0.6088131610415555
0.0	857.9852660206558	-10.633211135864258	11.634073257446289	-17.703794479370117	10.88798713684082	18.740196228027344	-3.8335936069488525	190	0.6071699175739556
0.0	864.0171076625072	-19.52465057373047	6.751918315887451	-33.637367248535156	4.082528114318848	26.955242156982422	-18.813236236572266	113	0.6031841641851441
0.0	870.0580039486101	-29.357547760009766	-5.3512725830078125	-36.98663330078125	-0.9120960235595703	23.71907615661621	-29.785533905029297	169	0.6040896286102944
0.0	876.0887222092354	-37.97455978393555	-16.195240020751953	-33.452003479003906	-16.17365264892578	15.22815990447998	-34.86591339111328	121	0.603071826062529
0.0	882.07596240066	-42.89468002319336	-23.250999450683594	-26.92005157470703	-26.8612060546875	11.041120529174805	-37.518550872802734	168	0.598724019142472
0.0	888.0492592529406	-42.838966369628906	-24.105274200439453	-15.196702003479004	-32.913795471191406	0.9472999572753906	-29.90432357788086	126	0.5973296852280511
0.0	894.016231867072	-39.77472686767578	-18.14615821838379	-7.588422775268555	-31.86663818359375	7.523529052734375	-21.671192169189453	174	0.5966972614131386
0.0	900.0271578123766	-37.217018127441406	-14.416704177856445	-3.7097339630126953	-30.661773681640625	3.253875732421875	-16.723953247070312	126	0.6010925945304656
0.0	906.038083298627	-29.270000457763672	-12.368379592895508	-1.8064138889312744	-23.220134735107422	9.050914764404297	-11.594080924987793	210	0.6010925486250469
0.0	912.0521586974637	-28.793582916259766	-11.55242919921875	-0.4297299385070801	-24.666568756103516	1.7475814819335938	-11.182230949401855	124	0.601407539883661
0.0	918.1102272462862	-27.502174377441406	-13.145872116088867	4.213396072387695	-27.055349349975586	4.890430450439453	-7.9351606369018555	218	0.6058068548822475
0.0	924.1919735742414	-20.03765106201172	-14.519270896911621	10.794000625610352	-25.119274139404297	-8.278512954711914	-2.6913275718688965	133	0.608174632795522
0.0	930.2780681718792	-7.960127830505371	-21.926746368408203	8.576027870178223	-18.39899444580078	-16.098745346069336	0.17201614379882812	215	0.6086094597637889
0.0	936.2794008846462	-3.0172624588012695	-27.674196243286133	-1.0418410301208496	-6.5031609535217285	-26.589000701904297	-3.0667781829833984	156	0.6001332712766955
0.0	942.2072961860274	-4.964727401733398	-29.475711822509766	-15.332175254821777	-6.18334436416626	-28.882835388183594	-15.749162673950195	207	0.5927895301381279
0.0	948.0140127329773	-12.775833129882812	-23.193641662597656	-27.263343811035156	-11.570006370544434	-21.763893127441406	-28.68529510498047	179	0.5806716546949955
0.0	953.7465314741112	-20.113563537597656	-13.270917892456055	-26.97766876220703	-19.00019073486328	-11.587507247924805	-28.403295516967773	254	0.5732518741133841
0.0	959.4371238304677	-26.172164916992188	-6.217611312866211	-14.69723892211914	-25.252342224121094	-4.639799118041992	-16.693439483642578	174	0.5690592356356523
0.0	965.0698800833158	-19.37528419494629	-2.3886795043945312	-11.605117797851562	-19.859378814697266	-3.686774253845215	-10.345855712890625	249	0.5632756252848053
0.0	970.689423896296	-10.509981155395508	14.35873031616211	-14.766475677490234	-11.911880493164062	13.949742317199707	-14.035131454467773	189	0.5619543812980332
0.0	976.2575371734781	-9.771395683288574	20.0264892578125	11.360673904418945	-9.907042503356934	19.51143455505371	12.035789489746094	184	0.5568113277182023
0.0	981.7527831408079	-7.0866241455078125	0.9620747566223145	8.696209907531738	-6.062536716461182	-0.19306397438049316	9.411773681640625	210	0.5495245967329803
0.0	987.2248450590503	-5.403075695037842	-0.3901479244232178	-8.656124114990234	-5.741849422454834	-0.526792049407959	-8.420555114746094	185	0.547206191824239
0.0	992.7127828460268	-8.11854076385498	5.2998738288879395	-16.600679397583008	-10.236137390136719	4.747808933258057	-15.483806610107422	236	0.5487937786976499
0.0	998.2695934488531	-16.978200912475586	12.423283576965332	-13.918455123901367	-17.617801666259766	12.08244800567627	-13.404285430908203	182	0.5556810602826284
0.0	1003.8000071896811	-22.901369094848633	10.10697078704834	-10.870735168457031	-24.900110244750977	7.57165002822876	-8.165430068969727	245	0.5530413740827906
0.0	1009.3323517900628	-39.905784606933594	0.1681818962097168	-8.640385627746582	-40.379268646240234	-2.1389894485473633	-5.6351494789123535	185	0.5532344600381802
0.0	1014.7921575957201	-44.525901794433594	-8.346630096435547	-6.563841819763184	-43.669776916503906	-13.272807121276855	-2.4971306324005127	261	0.5459805805657306
0.0	1020.2815822931537	-42.33052444458008	-26.94292449951172	-19.433547973632812	-42.31779098510742	-28.069292068481445	-17.744415283203125	182	0.5489424697433568
0.0	1025.7452128753816	-46.32121276855469	-28.478824615478516	-48.96051788330078	-47.40040588378906	-32.07283401489258	-45.19106674194336	225	0.5463630582227921
0.0	1031.1900552273685	-74.19127655029297	37.6185417175293	-59.9802131652832	-84.8785629272461	29.15782928466797	-49.26288604736328	234	0.5444842351986908
0.0	1036.6826806716215	-67.92266082763672	45.519981384277344	-19.567609786987305	-68.52896118164062	44.956058502197266	-18.731008529663086	182	0.5492625444252968
0.0	1042.1753373785318	-51.82190704345703	27.024301528930664	7.697084903717041	-53.42903137207031	20.560039520263672	13.947237014770508	208	0.549265670691023
0.0	1047.699731694789	-34.178653717041016	4.512674331665039	-0.049814268946647644	-34.27837371826172	2.799198627471924	2.380155324935913	184	0.5524394316257147
0.0	1053.2395748035963	-27.440000534057617	-1.6497831344604492	-19.109298706054688	-29.218162536621094	-4.823568344116211	-15.384603500366211	205	0.5539843108807134
0.0	1058.8826471099899	-23.56344985961914	5.092651844024658	-28.937480926513672	-25.90785026550293	3.928342819213867	-26.976680755615234	188	0.5643072306393684
0.0	1064.532847656435	-22.0593318939209	10.94279670715332	-31.3189697265625	-26.772119522094727	8.754794120788574	-27.97383689880371	230	0.5650200546445103
0.0	1070.254178377794	-21.7332706451416	19.539588928222656	-25.993398666381836	-24.53412628173828	18.46250343322754	-24.131816864013672	185	0.5721330721358997
0.0	1075.952370514762	-18.408540725708008	18.745594024658203	-14.030707359313965	-21.778335571289062	16.747974395751953	-11.376147270202637	215	0.5698192136967898
0.0	1081.6418127202528	-9.374284744262695	3.0641472339630127	-10.554964065551758	-9.859854698181152	2.816253185272217	-10.166581153869629	187	0.5689442205490969
0.0	1087.356687689818	-8.031128883361816	-8.641290664672852	-19.235776901245117	-8.695564270019531	-8.918245315551758	-18.730201721191406	247	0.5714874969565242
0.0	1093.1463647515961	-16.114910125732422	-9.178205490112305	-41.86277389526367	-17.156530380249023	-9.501139640808105	-41.35454177856445	181	0.5789677061778193
0.0	1098.958034703102	-22.016141891479492	4.120780944824219	-54.93513488769531	-28.603181838989258	2.775482177734375	-51.51956558227539	241	0.5811669951505899
0.0	1104.7687633778257	-25.854360580444336	23.425500869750977	-50.245479583740234	-27.09941864013672	23.10296630859375	-49.72556686401367	185	0.5810728674723763
0.0	1110.5700205072267	-27.797224044799805	24.839881896972656	-37.718170166015625	-35.067195892333984	21.94647216796875	-32.90336227416992	226	0.5801257129400861
0.0	1116.4036789486167	-23.930837631225586	10.072638511657715	-34.86954879760742	-24.377853393554688	9.896596908569336	-34.60719299316406	183	0.5833658441390059
0.0	1122.2597370740798	-26.7696533203125	5.612605094909668	-41.789390563964844	-31.863855361938477	3.2321834564208984	-38.049072265625	254	0.5856058125463145
0.0	1128.0868805280572	-33.576454162597656	7.725780487060547	-42.19478225708008	-34.174922943115234	7.433564186096191	-41.761173248291016	182	0.5827143453977508
0.0	1133.9420035207247	-36.5256233215332	4.570511817932129	-35.57029724121094	-40.58559036254883	0.7217035293579102	-30.947799682617188	257	0.5855122992667492
0.0	1139.9007476229754	-37.466575622558594	-13.77458381652832	-31.98004722595215	-38.30598831176758	-14.755304336547852	-30.4833927154541	183	0.595874410225076
0.0	1145.8755576754445	-40.275630950927734	-27.493953704833984	-53.42011642456055	-42.74209213256836	-30.794116973876953	-48.75981140136719	207	0.5974810052469166
0.0	1151.8643790918102	-44.04201889038086	-14.285839080810547	-66.9388656616211	-47.4775505065918	-15.878351211547852	-64.03777313232422	185	0.5988821416365715
0.0	1157.848598935123	-46.82504653930664	0.3925914764404297	-64.4126205444336	-53.91038513183594	-4.216712951660156	-57.93220138549805	275	0.598421984331267
0.0	1163.8730936882062	-41.74341583251953	8.208719253540039	-39.3997917175293	-43.526371002197266	7.131462097167969	-37.609336853027344	189	0.6024494753083298
0.0	1169.9250601542617	-33.53278732299805	4.883125305175781	-23.559396743774414	-35.0655632019043	3.1109042167663574	-21.503385543823242	221	0.6051966466055501
0.0	1175.9519470390471	-17.268556594848633	-2.093794107437134	-24.607139587402344	-18.813968658447266	-2.9939463138580322	-23.287153244018555	190	0.6026886884785437
0.0	1181.962182545565	-1.5425876379013062	12.704889297485352	-14.08432388305664	-2.5473363399505615	12.679293632507324	-13.938587188720703	190	0.6010235506517907
0.0	1188.001640702512	-2.7197976112365723	5.54139518737793	-13.99213695526123	-4.88130521774292	5.592253684997559	-13.278841018676758	236	0.6039458156947257
0.0	1194.0353309572722	-20.63677978515625	15.835912704467773	-30.2484188079834	-22.538002014160156	15.190126419067383	-29.168485641479492	191	0.6033690254760227
0.0	1200.0234954979605	-31.314952850341797	30.939977645874023	-17.40662956237793	-32.552093505859375	30.169483184814453	-16.44741439819336	223	0.5988164540688361
0.0	1206.0233547007924	-32.57871627807617	32.02062225341797	3.907796859741211	-31.812747955322266	32.87713623046875	2.722259521484375	182	0.5999859202831838
0.0	1211.9540443782623	-28.494647979736328	14.872151374816895	13.924072265625	-28.51375961303711	14.651847839355469	14.116774559020996	248	0.5930689677469845
0.0	1217.8554193045813	-18.535228729248047	-7.284045696258545	3.512907028198242	-18.706546783447266	-7.008422374725342	3.143169403076172	182	0.590137492631903
0.0	1223.7819767022484	-17.57109260559082	-8.409908294677734	-6.342883110046387	-17.21339225769043	-9.7156982421875	-5.280672073364258	242	0.5926557397666994
0.0	1229.6715720305817	-23.64952850341797	-9.131393432617188	-4.968756198883057	-23.620229721069336	-9.39520263671875	-4.600042343139648	178	0.5889595328333466
0.0	1235.582037064437	-22.990482330322266	-16.555442810058594	-4.727390289306641	-20.85746955871582	-19.306884765625	-2.7984979152679443	224	0.5910465033855139
0.0	1241.5014082583987	-9.831913948059082	-11.811874389648438	-21.668291091918945	-11.524493217468262	-12.324134826660156	-20.21364402770996	185	0.5919371193961658
0.0	1247.3964864247184	-8.689462661743164	1.4145398139953613	-29.05360984802246	-16.50813865661621	2.11252498626709	-24.024742126464844	132	0.5895078166319678
0.0	1253.296056703676	-10.302450180053711	12.082767486572266	-20.70457649230957	-18.326107025146484	11.035577774047852	-14.085824966430664	203	0.589957027895745
0.0	1259.1994959365036	-6.352395057678223	8.923311233520508	-13.005562782287598	-13.56363296508789	7.465152263641357	-6.292393684387207	120	0.5903439232827686
0.0	1265.0799058411585	1.7434464693069458	-2.546767234802246	-7.088867664337158	-0.28084230422973633	-0.6592751741409302	-7.094423770904541	210	0.5880409904654991
0.0	1270.9581969229403	4.636258125305176	-9.055325508117676	-3.9425480365753174	6.142418384552002	-4.593898773193359	-7.077123165130615	160	0.5878291081781862
0.0	1276.7998014812408	3.0099897384643555	-21.609729766845703	-13.860799789428711	3.2496070861816406	-18.24791145324707	-16.529394149780273	208	0.5841604558300568
0.0	1282.60364948711	0.07593822479248047	-17.296035766601562	-31.27170181274414	-2.822816848754883	-10.831060409545898	-32.11244583129883	239	0.5803848005869116
0.0	1288.3921047104823	-14.443387985229492	4.602762222290039	-31.057476043701172	-19.349760055541992	3.891977310180664	-28.034276962280273	199	0.5788455223372145
0.0	1294.1796417583444	-18.601835250854492	3.346508502960205	-19.288021087646484	-21.61124038696289	1.2555274963378906	-15.91281509399414	211	0.5787537047862019
0.0	1299.9231090865817	-18.614124298095703	-12.895085334777832	-23.251983642578125	-20.172916412353516	-14.144020080566406	-20.852235794067383	187	0.5743467328237293
0.0	1305.6855284477192	-22.820232391357422	-16.569168090820312	-36.415557861328125	-24.774124145507812	-18.49591064453125	-33.49272155761719	222	0.5762419361137459
0.0	1311.4010289670434	-24.827674865722656	-6.500106334686279	-41.96596145629883	-25.466657638549805	-6.780662536621094	-41.530086517333984	185	0.571550051932421
0.0	1317.0926339668579	-25.349853515625	-3.5070199966430664	-37.11494064331055	-27.07134246826172	-4.690567970275879	-35.68241882324219	239	0.5691604999814512
0.0	1322.758824887391	-16.555545806884766	-17.0032901763916	-35.12845230102539	-17.024410247802734	-17.24285125732422	-34.776588439941406	180	0.5666190920533078
0.0	1328.4342596370211	-10.500373840332031	-26.370237350463867	-55.01996612548828	-12.466739654541016	-26.011693954467773	-54.513023376464844	227	0.5675434749630016
0.0	1334.1371377472717	-19.184173583984375	-17.54142189025879	-77.57909393310547	-16.883190155029297	-16.9573974609375	-78.19071960449219	179	0.5702878110250553
0.0	1339.8536550360586	-27.255237579345703	-1.8514137268066406	-84.57223510742188	-33.34246063232422	-2.738370895385742	-82.0807113647461	236	0.5716517288786929
0.0	1345.589589410665	-30.20287322998047	23.591642379760742	-63.731048583984375	-29.6023006439209	23.771455764770508	-63.94361114501953	177	0.5735934374606446
0.0	1351.3019216379994	-26.51744270324707	31.133766174316406	-39.7156982421875	-31.55026626586914	29.429731369018555	-37.137779235839844	229	0.571233222733434
0.0	1357.047191682358	-16.741968154907227	19.117822647094727	-16.653757095336914	-16.35773277282715	19.27488899230957	-16.850204467773438	177	0.5745270044358575
0.0	1362.8029143910549	-12.875802040100098	4.876529693603516	-13.382341384887695	-14.390727996826172	3.8013548851013184	-12.082469940185547	262	0.5755722708696751
0.0	1368.5923067100478	-12.020475387573242	-5.979792594909668	-30.22809410095215	-12.29543399810791	-6.082036972045898	-30.09503173828125	177	0.578939231899298
0.0	1374.4141894256566	-15.693854331970215	-3.7793540954589844	-41.60540771484375	-17.79491424560547	-4.388745307922363	-40.61455535888672	296	0.582188271560886
0.0	1380.2405988890646	-22.753734588623047	11.142961502075195	-49.37314987182617	-22.681020736694336	11.165867805480957	-49.40138626098633	176	0.5826409463408081
0.0	1386.07225722472	-23.354305267333984	15.310246467590332	-46.36505889892578	-27.65502166748047	13.972173690795898	-44.26602554321289	265	0.583165833565555
0.0	1391.936144253815	-24.276226043701172	8.19370174407959	-31.299903869628906	-24.04467010498047	8.307928085327148	-31.44753074645996	178	0.5863887029094845
0.0	1397.793838639217	-21.060312271118164	3.8407363891601562	-17.90159034729004	-22.292577743530273	2.6149098873138428	-16.55133819580078	239	0.5857694385401945
0.0	1403.6124903674684	-8.308122634887695	0.7367410659790039	-14.89880084991455	-8.080977439880371	0.832766056060791	-15.016579627990723	174	0.5818651728251251
0.0	1409.4148205939498	-1.2619041204452515	-2.3819472789764404	-11.947624206542969	-1.8700329065322876	-2.2957494258880615	-11.854713439941406	288	0.5802330226481376
0.0	1415.2114201433844	-0.1866934895515442	-13.309767723083496	-15.167378425598145	-0.2583335041999817	-13.312276840209961	-15.161921501159668	177	0.5796599549434605
0.0	1420.9801593623083	-4.79058837890625	-21.607887268066406	-25.245080947875977	-4.702384948730469	-21.436887741088867	-25.255388259887695	306	0.5768739218923911
0.0	1426.7399237571528	-23.929628372192383	-25.579505920410156	-46.90727996826172	-23.692033767700195	-25.417652130126953	-47.11330795288086	176	0.5759764394844414
0.0	1432.4753814006465	-38.91974639892578	-16.181419372558594	-58.50706481933594	-42.15611267089844	-18.98675537109375	-55.00141143798828	296	0.5735457643493668
0.0	1438.3008353216128	-42.772735595703125	1.245840072631836	-53.475921630859375	-43.075721740722656	1.075399398803711	-53.23504638671875	180	0.5825453920966406
0.0	1444.1468308151552	-41.3689079284668	17.134000778198242	-48.3265266418457	-45.77347946166992	14.514378547668457	-44.995357513427734	230	0.5845995493542354
0.0	1449.976640413433	-28.111045837402344	37.22292709350586	-15.03724479675293	-27.05577850341797	37.720027923583984	-15.684429168701172	178	0.5829809598277823
0.0	1455.7919163090057	-17.5723876953125	36.89482116699219	8.292444229125977	-20.768028259277344	34.337432861328125	10.972305297851562	336	0.5815275895572679
0.0	1461.6673100557061	4.484749794006348	4.786136627197266	20.760753631591797	5.146703720092773	4.8110833168029785	20.577180862426758	304	0.5875393746700495
0.0	1467.5024111461623	5.599382400512695	-9.484539031982422	-9.837198257446289	5.684452533721924	-9.597012519836426	-9.668381690979004	179	0.583510109045622
0.0	1473.3601960550757	-1.978379726409912	-11.942258834838867	-29.33553123474121	-2.707871675491333	-11.691732406616211	-29.335201263427734	287	0.5857784908913259
0.0	1479.2075646573094	-18.013744354248047	-1.0831298828125	-45.36016082763672	-16.31496810913086	-0.5227785110473633	-45.97555923461914	181	0.5847368602233809
0.0	1485.1273525644108	-20.198314666748047	14.848297119140625	-45.33068084716797	-22.169296264648438	14.361331939697266	-44.535240173339844	236	0.5919787907101328
0.0	1491.014762170989	-16.552597045898438	25.916297912597656	-35.06884765625	-15.489262580871582	26.165571212768555	-35.35774230957031	176	0.5887409606578031
0.0	1496.9172644996293	-7.555947303771973	29.70758056640625	-20.887590408325195	-11.630715370178223	29.214073181152344	-19.521484375	246	0.5902502328640462
0.0	1502.789922874227	-3.733818531036377	26.555883407592773	-9.970693588256836	-3.664949655532837	26.562305450439453	-9.978909492492676	183	0.5872658374597665
0.0	1508.7167970583544	-3.976752758026123	21.25992202758789	-2.9225850105285645	-5.339738845825195	20.99820327758789	-2.4381566047668457	301	0.5926874184127507
0.0	1514.62454770306	-2.3963255882263184	15.099898338317871	4.149747848510742	-2.1080899238586426	15.144493103027344	4.0902557373046875	179	0.5907750644705574
0.0	1520.5553325882145	2.4475536346435547	12.86803150177002	2.217259168624878	1.9815603494644165	12.934371948242188	2.243391513824463	292	0.5930784885154549
0.0	1526.4990571053065	14.574178695678711	15.096009254455566	-10.014263153076172	14.394700050354004	15.192212104797363	-10.126699447631836	178	0.5943724517092146
0.0	1532.46844139481	13.894554138183594	11.96770191192627	-12.412687301635742	12.726212501525879	12.746747016906738	-12.851478576660156	281	0.5969384289503459
0.0	1538.4184048541715	9.90451431274414	8.799653053283691	-15.688519477844238	10.820049285888672	8.525872230529785	-15.21111011505127	175	0.5949963459361411
0.0	1544.380800585937	7.982664108276367	6.154568195343018	-11.980510711669922	6.945988655090332	6.751466274261475	-12.275559425354004	257	0.5962395731765489
0.0	1550.3488732149676	8.433377265930176	-6.847209930419922	-2.692326545715332	8.459046363830566	-6.775641918182373	-2.789700984954834	177	0.5968072629030431
0.0	1556.2882600524515	6.415555000305176	-16.279373168945312	-8.772042274475098	7.247520446777344	-15.314302444458008	-9.696399688720703	306	0.5939386837483867
0.0	1562.195282964452	-4.161398410797119	-8.857894897460938	-24.189611434936523	-4.184990406036377	-8.862229347229004	-24.183927536010742	182	0.5907022912000496
0.0	1568.0548875814661	-8.381576538085938	-1.5971407890319824	-28.324235916137695	-9.57625961303711	-1.769559383392334	-27.90106964111328	287	0.585960461701412
0.0	1573.9102968913814	-17.47382926940918	2.277681350708008	-29.924114227294922	-16.423263549804688	2.7473011016845703	-30.458024978637695	178	0.5855409309915282
0.0	1579.7037757862738	-23.439050674438477	9.855690002441406	-29.816770553588867	-24.30472755432129	9.367987632751465	-29.26911735534668	307	0.5793478894892432
0.0	1585.5142110070724	-33.340736389160156	8.300211906433105	-18.18670082092285	-33.277870178222656	8.364618301391602	-18.272050857543945	179	0.5810435220798627
0.0	1591.3295109643846	-34.85280227661133	3.131223678588867	-17.485111236572266	-35.92388916015625	0.9663858413696289	-15.421878814697266	305	0.5815299957312259
0.0	1597.1422029462026	-37.044124603271484	1.445164680480957	-22.67612648010254	-38.68643569946289	-0.5975470542907715	-19.730100631713867	178	0.5812691981817952
0.0	1602.9294728240063	-36.615970611572266	4.6922760009765625	-26.07100486755371	-41.27306365966797	-3.7072935104370117	-16.87908935546875	60	0.578726987780364
0.0	1608.7042532332255	-30.967872619628906	16.13540267944336	-25.617414474487305	-39.88355255126953	10.44369125366211	-12.576234817504883	194	0.5774780409219135
0.0	1614.4311203188975	-28.993085861206055	18.715381622314453	-23.753652572631836	-37.829612731933594	5.405736923217773	-4.538628101348877	175	0.5726867085672074
0.0	1620.172953601586	-22.077808380126953	19.2563419342041	-19.142440795898438	-31.606369018554688	13.765918731689453	0.6956727504730225	231	0.5741833282688424
0.0	1625.9861497356412	-23.663793563842773	18.325613021850586	-14.42032241821289	-25.874130249023438	2.9276962280273438	-2.015305995941162	104	0.5813196134055294
0.0	1631.8100563056846	-28.53010368347168	14.932418823242188	-10.179841995239258	-29.656810760498047	5.317317962646484	5.959924221038818	244	0.5823906570043307
0.0	1637.7051902789267	-33.87076950073242	13.460880279541016	-12.778098106384277	-25.129718780517578	-5.588974475860596	-5.779781341552734	111	0.5895133973242188
0.0	1643.5868789660576	-35.25248718261719	19.14670753479004	-13.535364151000977	-36.95645523071289	8.219869613647461	7.366580963134766	246	0.5881688687130822
0.0	1649.4699137586106	-35.35096740722656	25.725528717041016	-13.878937721252441	-33.558380126953125	-0.44955921173095703	-0.42014002799987793	102	0.5883034792552931
0.0	1655.3693309858181	-34.33094787597656	35.839996337890625	-1.2988395690917969	-35.29720687866211	12.440764427185059	21.782751083374023	237	0.589941722720746
0.0	1661.2535113238039	-40.366455078125	38.802059173583984	9.498549461364746	-31.620990753173828	-12.980064392089844	14.402105331420898	110	0.58841803379857
