0.0	0.0	-0.26921021938323975	-2.685730457305908	-24.47795295715332	3.5775070190429688	21.953874588012695	-3.914748191833496	266.06866355266754	0.0
0.0	5.518503427063469	-13.394537925720215	-1.8455896377563477	-6.731505870819092	1.2669367790222168	10.716312408447266	3.263068914413452	233	0.5518503427063469
0.0	11.387033495265513	-13.352394104003906	3.739469528198242	-5.955491065979004	-3.6068081855773926	9.621261596679688	2.3674981594085693	341	0.5868530068202042
0.0	16.909063903374527	-17.09134864807129	6.71243953704834	-10.90504264831543	5.524791240692139	15.688815116882324	4.6796159744262695	220	0.5522030408109014
0.0	22.428888061177155	-14.680895805358887	5.249589920043945	-12.2977294921875	-3.8594422340393066	15.656254768371582	1.3315991163253784	354	0.5519824157802629
0.0	27.93262624700204	-15.916656494140625	14.332075119018555	-5.235355854034424	2.6514482498168945	11.061087608337402	5.607602119445801	331	0.5503738185824886
0.0	33.49693771615829	-22.642501831054688	27.563661575317383	-11.663662910461426	-4.112685203552246	23.9882869720459	10.033469200134277	345	0.5564311469156253
0.0	39.08503837736658	-28.676374435424805	28.427221298217773	-25.613370895385742	18.439655303955078	30.9228458404541	8.040111541748047	207	0.558810066120829
0.0	44.714744853855485	-28.5416316986084	11.807548522949219	-35.76837921142578	-5.841437339782715	40.95710372924805	0.7028710842132568	9	0.5629706476488908
0.0	50.346758426774485	-31.21502685546875	3.91107177734375	-36.863895416259766	15.280985832214355	41.623172760009766	5.352398872375488	194	0.5632013572918997
0.0	56.021425920692025	-37.94784927368164	-4.012428283691406	-36.7132568359375	-10.650955200195312	36.22580337524414	-4.409117221832275	7	0.5674667493917542
0.0	61.69834731421162	-45.23265075683594	-8.111272811889648	-31.48796272277832	10.755926132202148	40.04380798339844	8.468303680419922	191	0.5676921393519594
0.0	67.34901684429289	-48.060394287109375	-2.787041664123535	-12.566436767578125	-16.329200744628906	15.855161666870117	0.47126340866088867	5	0.5650669530081277
0.0	73.11729724438285	-47.3122444152832	14.849369049072266	-6.95693302154541	8.625337600708008	17.851478576660156	12.124395370483398	193	0.5768280400089966
0.0	78.92877282643853	-33.99950408935547	17.89303207397461	-13.472341537475586	-9.230490684509277	22.09173011779785	6.125245094299316	11	0.5811475582055673
0.0	84.7944928671776	-28.454816818237305	16.934886932373047	-12.020696640014648	8.150941848754883	17.282468795776367	6.5502610206604	172	0.5865720040739063
0.0	90.64289780731951	-22.74396324157715	18.76222801208496	-15.791840553283691	-0.4051539897918701	22.650178909301758	5.52480411529541	49	0.5848404940141925
0.0	96.47100834363886	-18.958059310913086	16.309268951416016	-27.50374412536621	15.014315605163574	27.253353118896484	2.5500495433807373	186	0.5828110536319346
0.0	102.31783190893744	-9.184109687805176	-2.5378055572509766	-42.919986724853516	1.3363866806030273	40.070735931396484	-5.277098655700684	17	0.5846823565298573
0.0	108.21054303291598	-11.082530975341797	-13.170971870422363	-37.56376647949219	11.676311492919922	37.635467529296875	0.7026406526565552	186	0.5892711123978536
0.0	114.07729881392743	-21.210384368896484	-8.074287414550781	-23.481870651245117	-5.320499420166016	20.77454376220703	-4.712894439697266	25	0.5866755781011446
0.0	119.98301532373722	-29.54539680480957	2.4898815155029297	-10.611839294433594	6.075096130371094	16.076940536499023	6.105725288391113	178	0.5905716509809794
0.0	125.86079863925818	-28.68278694152832	21.923336029052734	-12.156661987304688	-5.922883987426758	21.10679054260254	6.571879863739014	37	0.5877783315520952
0.0	131.71464679676956	-24.67278289794922	28.64000701904297	-29.909914016723633	16.54754638671875	32.46232986450195	5.629636287689209	159	0.5853848157511379
0.0	137.5084941205422	-18.43221092224121	15.448055267333984	-54.8409309387207	25.888282775878906	50.954200744628906	0.6383568048477173	185	0.5793847323772644
0.0	143.29130011372413	-9.642828941345215	9.076265335083008	-52.69612503051758	4.568276882171631	52.51784133911133	-3.5542843341827393	39	0.5782805993181935
0.0	149.05272361684698	-11.136430740356445	6.0372090339660645	-52.972896575927734	20.63484001159668	49.73124694824219	-0.24722087383270264	183	0.5761423503122841
0.0	154.88398682261402	-14.11616325378418	-2.877828598022461	-44.67375946044922	1.9199190139770508	41.5943717956543	-5.857065677642822	52	0.583126320576705
0.0	160.67498295696245	-21.763410568237305	-4.497101783752441	-33.83155059814453	11.607187271118164	35.29419708251953	2.526181221008301	180	0.579099613434842
0.0	166.44329967056373	-25.017112731933594	2.250253677368164	-27.8565731048584	-2.3696179389953613	28.777698516845703	-1.5701243877410889	48	0.5768316713601271
0.0	172.21310582571746	-28.449926376342773	7.399090766906738	-28.34100341796875	15.820671081542969	30.107603073120117	4.558847904205322	190	0.5769806155153727
0.0	177.99051802757918	-33.94778060913086	-1.7095222473144531	-29.66016387939453	-2.048572063446045	31.036781311035156	-1.0321779251098633	98	0.577741220186172
0.0	183.79569514925996	-34.6036491394043	0.9657087326049805	-25.557266235351562	14.052567481994629	29.113008499145508	5.970364570617676	186	0.5805177121680762
0.0	189.6358570026707	-29.651103973388672	1.5430002212524414	-39.18657684326172	-3.3543949127197266	38.569679260253906	-3.296827793121338	40	0.5840161853410734
0.0	195.49996204998325	-27.839351654052734	-10.133840560913086	-46.11569595336914	18.55470848083496	48.124305725097656	4.135439872741699	191	0.5864105047312571
0.0	201.3590497286495	-18.31340217590332	-14.69464111328125	-32.48591613769531	-1.744706630706787	26.792255401611328	-7.808165550231934	47	0.5859087678666228
0.0	207.21572296350726	-16.914794921875	-6.7442169189453125	-25.854528427124023	11.084278106689453	27.38991928100586	2.749389171600342	192	0.5856673234857774
0.0	213.07435427596445	-16.739105224609375	0.3540964126586914	-25.916126251220703	-1.3977489471435547	25.381872177124023	-2.380725622177124	48	0.5858631312457202
0.0	218.90469447705334	-16.96630096435547	-0.7676506042480469	-28.058181762695312	11.77523422241211	28.720312118530273	2.2629759311676025	182	0.5830340201088883
0.0	224.71130764642234	-18.263935089111328	-7.13247537612915	-17.0492000579834	-4.103546142578125	14.578622817993164	-4.102782249450684	44	0.5806613169369006
0.0	230.50778164033463	-24.311975479125977	-3.1105518341064453	-1.695826768875122	3.1484973430633545	7.101738452911377	5.825961112976074	193	0.5796473993912296
0.0	236.32387764221417	-34.4354133605957	17.731767654418945	-0.048018455505371094	-9.852088928222656	8.205781936645508	6.163937091827393	47	0.5816096001879534
0.0	242.10671611639418	-36.928016662597656	27.837020874023438	-8.153599739074707	14.31580638885498	12.52163314819336	8.45974349975586	197	0.5782838474180019
0.0	247.88204421142115	-34.66956329345703	19.9405574798584	-27.2845458984375	-1.4132187366485596	36.64006042480469	5.306765556335449	58	0.5775328095026977
0.0	253.6670508871857	-34.07032012939453	7.815276145935059	-32.94358825683594	21.014850616455078	38.42182159423828	7.23859167098999	207	0.5785006675764538
0.0	259.4653888810429	-31.79462242126465	-2.308511734008789	-34.13818359375	0.17406082153320312	34.5233154296875	-6.180962085723877	124	0.5798337993857161
0.0	265.32160071750815	-27.407373428344727	-5.466059684753418	-30.804929733276367	12.833282470703125	32.930721282958984	-1.7378273010253906	214	0.5856211836465274
0.0	271.1420003184562	-17.13628578186035	-14.219609260559082	-29.86581802368164	1.5787467956542969	20.60124969482422	-14.247690200805664	143	0.5820399600948086
0.0	276.99062584082134	-15.62081241607666	-13.306577682495117	-23.469112396240234	4.07183313369751	18.787309646606445	-10.640538215637207	221	0.584862552236511
0.0	282.8989678900699	-9.968975067138672	-3.7434568405151367	-17.835777282714844	2.6785545349121094	12.649299621582031	-8.45584774017334	139	0.5908342049248593
0.0	288.84610214630806	-5.1879963874816895	1.933789849281311	-20.507404327392578	12.059568405151367	12.829360961914062	-7.193442344665527	220	0.594713425623817
0.0	294.78325235712185	2.283602714538574	0.7180858850479126	-32.70351791381836	17.839889526367188	18.936670303344727	-12.609628677368164	144	0.5937150210813821
0.0	300.74167093393015	0.458493709564209	-4.012359142303467	-43.4166259765625	24.792163848876953	16.30331039428711	-21.31557846069336	214	0.5958418576808284
0.0	306.69596713553364	-9.21400260925293	-14.070250511169434	-51.224185943603516	16.07547378540039	25.435741424560547	-28.1507625579834	145	0.5954296201603471
0.0	312.63729917357483	-18.732730865478516	-15.813841819763184	-45.21538543701172	13.825960159301758	26.627363204956055	-24.191787719726562	221	0.5941332038041216
0.0	318.5961438742765	-32.7197380065918	-7.647087097167969	-32.31645202636719	-3.503981590270996	26.37609100341797	-17.34387969970703	154	0.595884470070164
0.0	324.5441551266045	-35.76899337768555	1.5569074153900146	-16.716047286987305	1.2370548248291016	27.738513946533203	-2.21115779876709	213	0.594801125232802
0.0	330.5297262001111	-20.695262908935547	15.479763984680176	-10.941073417663574	-0.03673410415649414	20.53071403503418	3.518784523010254	132	0.5985571073506633
0.0	336.5093718861192	-12.729525566101074	23.850664138793945	-25.462488174438477	25.35622787475586	25.128435134887695	5.212615966796875	211	0.5979645686008126
0.0	342.45678188031934	-15.81472396850586	6.51235294342041	-35.882469177246094	9.09306812286377	34.730613708496094	-4.681393623352051	115	0.5947409994200152
0.0	348.3936365757965	-11.218645095825195	2.502923011779785	-24.732852935791016	14.786995887756348	22.367263793945312	-0.8079383373260498	210	0.5936854695477173
0.0	354.342064903014	-7.439694881439209	0.0027875900268554688	-32.073081970214844	7.610842704772949	28.73697853088379	-5.142712593078613	97	0.594842832721748
0.0	360.2874970739175	-3.908355236053467	-8.468713760375977	-31.49751853942871	12.870126724243164	26.48003578186035	-4.350355625152588	205	0.5945432170903515
0.0	366.2382240412202	2.2495479583740234	-16.37173080444336	-34.473419189453125	6.854654312133789	24.783893585205078	-10.656059265136719	82	0.5950726967302651
0.0	372.1434737956816	-3.283782958984375	-28.905166625976562	-35.325523376464844	7.644906520843506	32.35649108886719	-4.909725189208984	198	0.5905249754461391
0.0	378.0433718723356	-11.592977523803711	-40.452369689941406	-10.19091796875	-6.221789360046387	-3.8554635047912598	-15.01688289642334	54	0.5899898076654021
0.0	383.97634262054703	-19.16205406188965	-28.575803756713867	11.566755294799805	-12.348700523376465	-2.6705198287963867	3.841397285461426	196	0.5932970748211425
0.0	389.88064372888823	-34.868202209472656	-5.865461349487305	15.491689682006836	-15.5226411819458	-13.521595001220703	0.47260141372680664	44	0.590430110834121
0.0	395.81908543836977	-38.20420455932617	-2.710721969604492	6.4177470207214355	0.8418688774108887	4.313577651977539	10.519207000732422	198	0.5938441709481542
0.0	401.82270002093134	-31.906620025634766	-5.329990386962891	4.5235114097595215	-11.728015899658203	-2.99896240234375	-0.341977596282959	110	0.6003614582561589
0.0	407.81023805059783	-33.442710876464844	9.293476104736328	1.447462797164917	4.054935455322266	6.389523983001709	8.690513610839844	191	0.5987538029666511
0.0	413.7650132609251	-33.73990249633789	13.355639457702637	-20.08786392211914	-6.369560718536377	25.69680404663086	2.903629779815674	29	0.5954775210327271
0.0	419.7146940408632	-34.66155242919922	2.104863166809082	-29.479629516601562	14.233613967895508	34.62139892578125	6.661879539489746	191	0.5949680779938066
0.0	425.66704629851796	-33.914794921875	-5.436460494995117	-29.487133026123047	-5.318575859069824	29.282346725463867	-3.0775046348571777	32	0.5952352257654739
0.0	431.7250430293908	-34.282169342041016	-9.197418212890625	-23.89406967163086	11.974189758300781	31.7391300201416	7.878329753875732	204	0.6057996730872871
0.0	437.7914225257874	-31.452138900756836	-1.5341825485229492	-18.384654998779297	-5.759462833404541	19.82869529724121	-1.5738651752471924	61	0.606637949639664
0.0	443.80300683779166	-37.336151123046875	-0.2872600555419922	-19.129289627075195	11.815067291259766	27.48687744140625	8.952457427978516	199	0.6011584312004247
0.0	449.8406401313918	-43.83287811279297	1.6326274871826172	-3.795330047607422	-14.022515296936035	8.246620178222656	1.3646259307861328	84	0.6037633293600173
0.0	455.8927182639604	-43.708683013916016	23.818618774414062	0.9428378343582153	9.2716064453125	9.299614906311035	12.893253326416016	193	0.6052078132568569
0.0	461.8995581775129	-46.895362854003906	38.887046813964844	-30.465349197387695	-7.25400447845459	45.51327133178711	9.926922798156738	45	0.6006839913552517
0.0	467.8974890879978	-60.06165313720703	30.272865295410156	-58.23856735229492	34.92886734008789	66.27978515625	13.588574409484863	187	0.5997930910484904
0.0	473.950584066257	-67.31710052490234	-1.8981742858886719	-76.03044891357422	-7.820205211639404	75.44815826416016	-8.278796195983887	51	0.6053094978259204
0.0	479.98533195983885	-78.95252990722656	-24.699356079101562	-55.41301727294922	27.119293212890625	70.66822814941406	16.74309539794922	197	0.6034747893581799
0.0	486.02133063975754	-83.97084045410156	-23.395505905151367	-22.964632034301758	-26.454025268554688	19.850370407104492	-8.54680061340332	26	0.6035998679918679
0.0	492.05144433714077	-80.499267578125	-8.037208557128906	-6.851822853088379	10.016851425170898	27.377777099609375	21.037742614746094	201	0.6030113697383213
0.0	498.0809149063664	-69.05802917480469	9.541180610656738	-2.046072483062744	-21.721590042114258	10.533150672912598	4.26601505279541	39	0.6029470569225596
0.0	504.15372833141816	-69.16156768798828	18.300525665283203	2.2235798835754395	11.252347946166992	11.87720775604248	17.117361068725586	196	0.6072813425051757
0.0	510.1884543220177	-73.98616027832031	24.101125717163086	-4.5930376052856445	-23.348093032836914	15.954156875610352	6.666227340698242	35	0.6034725990599582
0.0	516.1931936894504	-77.52299499511719	43.46499252319336	-12.182809829711914	16.865245819091797	24.803571701049805	16.496044158935547	182	0.6004739367432691
0.0	522.1751174333294	-60.85599899291992	46.941837310791016	-53.59245300292969	-12.249926567077637	68.16414642333984	8.520273208618164	27	0.598192374387904
0.0	528.1998236804652	-52.21430587768555	29.214298248291016	-66.66731262207031	37.480979919433594	66.37505340576172	6.621903419494629	195	0.6024706247135792
0.0	534.2002249983974	-48.37281799316406	11.773199081420898	-60.555782318115234	-7.2058281898498535	63.30380630493164	-2.7264864444732666	26	0.6000401317932141
0.0	540.232583049658	-44.358482360839844	9.837629318237305	-53.68973159790039	27.518539428710938	55.8206787109375	6.615349292755127	193	0.6032358051260652
0.0	546.2589878192769	-31.33269500732422	2.609487533569336	-50.9991569519043	-3.330833911895752	50.10050964355469	-4.062773704528809	17	0.6026404769618796
0.0	552.2607259046455	-24.400779724121094	-5.720901966094971	-39.021522521972656	15.124680519104004	40.436920166015625	3.310746192932129	188	0.6001738085368593
0.0	558.2821573912039	-20.04825210571289	-6.920548439025879	-24.784587860107422	-4.280753135681152	21.85842514038086	-4.590436935424805	352	0.6021431486558365
0.0	564.2835235844069	-23.761474609375	-0.7642455101013184	-20.965667724609375	9.80534553527832	23.090274810791016	3.5968873500823975	188	0.6001366193202986
0.0	570.2946054865852	-22.944503784179688	1.9295787811279297	-30.343252182006836	-5.670192241668701	29.1790714263916	-3.2658703327178955	8	0.601108190217829
0.0	576.3496411466314	-20.13326644897461	-2.803830623626709	-26.026155471801758	10.84971809387207	27.184627532958984	2.6291816234588623	189	0.6055035660046177
0.0	582.4149194363138	-12.264433860778809	-2.7062039375305176	-22.13077163696289	-2.560333013534546	20.084001541137695	-3.328212022781372	3	0.6065278289682362
0.0	588.4877091111096	-8.866229057312012	-6.86214542388916	-14.549359321594238	4.864413738250732	15.71256160736084	1.5747325420379639	191	0.6072789674795745
0.0	594.5324711670647	-4.583687782287598	-6.358554840087891	0.5328671932220459	-1.5118709802627563	-2.322645902633667	-1.7798869609832764	359	0.6044762055955171
0.0	600.6029655797486	-8.170455932617188	9.062352180480957	18.550893783569336	-3.46836256980896	-17.477745056152344	1.1596696376800537	189	0.6070494412683876
0.0	606.6731935083852	-15.612825393676758	39.40249252319336	6.031708717346191	-4.537839412689209	6.85280179977417	12.204204559326172	3	0.6070227928636683
0.0	612.73423182859	-14.793401718139648	50.12411880493164	-27.614158630371094	17.304576873779297	23.814342498779297	0.029670238494873047	187	0.6061038320204803
0.0	618.773370903895	-9.561738967895508	30.318084716796875	-59.83688735961914	0.8008080720901489	66.53705596923828	2.6976821422576904	6	0.6039139075305048
0.0	624.7965131541516	-10.7969970703125	6.259990692138672	-66.55441284179688	24.54679298400879	62.10039138793945	-1.3457940816879272	194	0.6023142250256599
0.0	630.7953983822158	-8.58527660369873	-15.920042037963867	-52.77593231201172	1.7237153053283691	45.913780212402344	-8.80174732208252	7	0.5998885228064127
0.0	636.7539231134101	-10.819171905517578	-14.945123672485352	-36.130489349365234	10.867053031921387	37.079750061035156	1.778133511543274	190	0.5958524731194267
0.0	642.7008437816975	-14.411016464233398	-0.26781177520751953	-33.3916130065918	-2.6639018058776855	31.679710388183594	-3.502162456512451	356	0.5946920668287361
0.0	648.5992311595143	-18.236711502075195	9.090524673461914	-40.68205642700195	17.114408493041992	39.08169174194336	0.7483501434326172	196	0.5898387377816735
0.0	654.5013489071339	-17.166379928588867	9.31146240234375	-59.86322021484375	1.3968565464019775	60.231685638427734	-2.8477396965026855	13	0.5902117747619624
0.0	660.3911593503863	-15.98298454284668	-4.777890205383301	-67.58187866210938	24.266660690307617	65.18927764892578	0.370419979095459	195	0.5889810443252397
0.0	666.2547083161148	-7.9788665771484375	-33.1651611328125	-55.02581787109375	2.501857280731201	43.71388244628906	-13.166617393493652	198	0.5863548965728594
0.0	672.0922343769278	-11.460124015808105	-41.6925048828125	-29.953720092773438	3.4087281227111816	35.611663818359375	3.314727306365967	199	0.5837526060812902
0.0	677.9344131724996	-23.596166610717773	-28.355981826782227	4.173333168029785	-9.200958251953125	-10.605964660644531	-7.1208648681640625	21	0.5842178795571894
0.0	683.7870184705108	-37.945716857910156	-11.173481941223145	16.112886428833008	-5.156428337097168	-2.958475351333618	11.458353042602539	199	0.5852605298011259
0.0	689.6716179957135	-54.054683685302734	4.966095924377441	19.52185821533203	-21.436208724975586	-12.236654281616211	4.782928466796875	34	0.5884599525202736
0.0	695.6100833576958	-60.26695251464844	19.624113082885742	25.000072479248047	-1.250147819519043	-2.715263843536377	22.179283142089844	201	0.5938465361982272
0.0	701.6175031169251	-49.51444625854492	27.110431671142578	10.541586875915527	-19.260623931884766	9.092229843139648	14.015411376953125	49	0.6007419759229391
0.0	707.6985426698013	-29.038888931274414	22.48828887939453	15.022784233093262	0.7539172172546387	1.2429215908050537	16.346405029296875	205	0.608103955287613
0.0	713.8424272877025	-2.1758899688720703	27.069862365722656	13.739377975463867	1.514693260192871	-0.2159404754638672	14.085742950439453	112	0.6143884617901175
0.0	720.0205374749247	6.677334785461426	28.06660270690918	3.361985206604004	14.58029556274414	-1.5119695663452148	10.844709396362305	224	0.6178110187222182
0.0	726.250423141564	-2.3366525173187256	8.027952194213867	-11.07435131072998	5.541066646575928	12.460055351257324	-0.4917210340499878	124	0.6229885666639395
0.0	732.6079312935228	-8.586626052856445	3.252899169921875	-10.572059631347656	4.797924041748047	10.46208667755127	-3.6974658966064453	231	0.6357508151958786
0.0	739.005558001907	-13.719785690307617	7.3907341957092285	-16.399036407470703	1.356257438659668	17.573028564453125	-6.56917667388916	140	0.6397626708384209
0.0	745.452056178146	-16.548503875732422	7.798641204833984	-26.210420608520508	10.85625171661377	21.307676315307617	-13.708089828491211	236	0.644649817623894
0.0	751.9352740943798	-35.72743606567383	-7.581078052520752	-36.0806770324707	-8.427989959716797	22.81769561767578	-30.067752838134766	153	0.6483217916233786
0.0	758.4101341265185	-46.55557632446289	-13.841773986816406	-30.323801040649414	-17.12512969970703	25.702058792114258	-32.82588195800781	228	0.6474860032138763
0.0	764.8855751776197	-48.88128662109375	-23.7178897857666	-18.20537567138672	-32.339927673339844	5.823385238647461	-31.146137237548828	149	0.6475441051101146
0.0	771.3595549818851	-44.82792663574219	-19.081148147583008	-5.907258987426758	-34.34436798095703	11.916191101074219	-21.22142791748047	214	0.6473979804265466
0.0	777.805253973294	-44.056270599365234	-11.247420310974121	-1.9390172958374023	-33.42210388183594	6.059189796447754	-15.370744705200195	156	0.644569899140891
0.0	784.2597288694043	-34.741085052490234	-4.013265609741211	3.932906150817871	-25.71383285522461	15.145137786865234	-6.080803871154785	237	0.6454474896110234
0.0	790.7069851734607	-33.67731857299805	-3.408061981201172	-2.364987373352051	-25.187774658203125	8.941145896911621	-11.466876029968262	178	0.6447256304056441
0.0	797.0834068627335	-32.80165100097656	-3.51815128326416	1.4362273216247559	-27.01201629638672	12.783235549926758	-8.545356750488281	254	0.6376421689272747
0.0	803.4488879080883	-26.50783920288086	-8.798666954040527	9.718605041503906	-28.953887939453125	-2.7756481170654297	-1.600247859954834	183	0.6365481045354803
0.0	809.7768913827482	-14.413512229919434	-19.27121353149414	12.121866226196289	-21.62079429626465	-14.274161338806152	6.563013553619385	254	0.6328003474659945
0.0	816.1372340829306	-10.14340591430664	-26.5540714263916	-9.772701263427734	-11.448442459106445	-24.088314056396484	-12.977100372314453	193	0.6360342700182444
0.0	822.4875688314889	-18.228851318359375	-20.317785263061523	-27.043428421020508	-18.33074378967285	-20.687374114990234	-26.677465438842773	246	0.6350334748558373
0.0	828.8365729557709	-26.953317642211914	-7.253211975097656	-25.293256759643555	-25.851823806762695	-6.316587448120117	-26.621084213256836	211	0.6349004124281905
0.0	835.1563547599994	-28.299739837646484	-0.4181661605834961	-14.11618709564209	-29.38866424560547	-3.811044692993164	-10.850573539733887	280	0.6319781804228577
0.0	841.5096913232419	-23.516746520996094	10.719827651977539	-9.589973449707031	-23.6480770111084	10.599262237548828	-9.398557662963867	214	0.6353336563242478
0.0	847.8593823529885	-15.760318756103516	23.913799285888672	-5.896963119506836	-19.869266510009766	21.24281883239746	-2.2886245250701904	270	0.6349691029746576
0.0	854.2127736483137	-18.698196411132812	24.095491409301758	8.995973587036133	-18.589597702026367	24.29281997680664	8.6749267578125	215	0.635339129532522
0.0	860.5737202313228	-16.193286895751953	7.6348347663879395	13.765183448791504	-15.162120819091797	4.032622814178467	16.064857482910156	285	0.6360946583009062
0.0	866.9237360443841	-15.11657428741455	3.3718481063842773	-8.864667892456055	-14.910025596618652	3.540127754211426	-9.142728805541992	217	0.6350015813061254
0.0	873.27651275118	-17.622106552124023	8.758593559265137	-12.62313175201416	-20.191396713256836	6.514707565307617	-9.72952938079834	270	0.6352776706795961
0.0	879.5939455910636	-28.09378433227539	10.7731351852417	-10.93641185760498	-27.647140502929688	11.196516036987305	-11.62132453918457	214	0.6317432839883663
0.0	885.9379286033438	-36.95957946777344	4.490406036376953	-11.594830513000488	-38.265289306640625	0.16360092163085938	-7.347925662994385	270	0.6343983012280191
0.0	892.2616666959542	-49.585506439208984	-2.274090051651001	-13.130209922790527	-49.307552337646484	-1.5485105514526367	-14.232088088989258	214	0.6323738092610387
0.0	898.5843630509489	-51.33833312988281	-17.59740447998047	-15.499317169189453	-50.16273498535156	-23.03255844116211	-11.028162002563477	277	0.6322696354994667
0.0	904.8530792591637	-57.749969482421875	-21.533504486083984	-51.75471496582031	-56.37172317504883	-20.286788940429688	-53.70126724243164	214	0.6268716208214805
0.0	911.111938504261	-71.57710266113281	16.889759063720703	-74.58870697021484	-79.60346984863281	11.574416160583496	-66.75926208496094	251	0.6258859245097388
0.0	917.4287436497564	-76.28492736816406	49.445858001708984	-46.48775863647461	-72.68119049072266	51.526119232177734	-49.774940490722656	214	0.6316805145495357
0.0	923.756146150738	-67.36328125	51.94309616088867	-16.001523971557617	-75.51042938232422	41.92191696166992	-5.283077239990234	279	0.6327402500981592
0.0	930.0829031272922	-48.48784255981445	18.211088180541992	4.251949310302734	-48.50522232055664	18.138046264648438	4.364311218261719	223	0.6326756976554234
0.0	936.4289422385706	-36.31337356567383	4.300069808959961	-6.284234046936035	-36.966094970703125	0.6709842681884766	-2.927522897720337	269	0.6346039111278349
0.0	942.7504566753666	-29.68083953857422	9.091899871826172	-25.006328582763672	-27.96820831298828	10.091240882873535	-26.506206512451172	213	0.6321514436796085
0.0	949.076060293305	-24.9195499420166	16.36347198486328	-27.876842498779297	-28.86225128173828	14.309944152832031	-24.951061248779297	284	0.6325603617938282
0.0	955.4118199197201	-23.366262435913086	24.820228576660156	-25.090591430664062	-22.38105010986328	25.15119171142578	-25.639225006103516	217	0.6335759626415058
0.0	961.778070754819	-13.870718002319336	20.638275146484375	-10.831098556518555	-16.992637634277344	19.251962661743164	-8.542799949645996	242	0.6366250835098992
0.0	968.1795196808386	-11.845925331115723	0.973956823348999	-15.652839660644531	-12.551515579223633	0.6638126373291016	-15.094818115234375	225	0.6401448926019521
0.0	974.5864045755937	-15.500173568725586	-8.619890213012695	-25.100814819335938	-17.268346786499023	-9.61330795288086	-23.112226486206055	268	0.640688489475525
0.0	980.9418264342493	-26.966386795043945	4.887912750244141	-50.35467529296875	-26.556468963623047	5.004594802856445	-50.559165954589844	220	0.635542185865554
0.0	987.3123669560988	-27.061481475830078	26.743499755859375	-50.40823745727539	-34.51622772216797	25.002634048461914	-46.35741424560547	273	0.6370540521849534
0.0	993.6694958525871	-28.533544540405273	31.02081871032715	-37.971492767333984	-22.249061584472656	32.833518981933594	-40.198577880859375	212	0.6357128896488303
0.0	1000.0487574697041	-24.118284225463867	21.283010482788086	-31.416353225708008	-26.902509689331055	20.157697677612305	-29.814037322998047	283	0.6379261617117002
0.0	1006.458802008986	-29.746925354003906	16.074012756347656	-43.767818450927734	-25.349361419677734	17.708765029907227	-45.68960189819336	208	0.64100445392819
0.0	1012.8675614513531	-35.4358024597168	20.760156631469727	-36.52214050292969	-38.820796966552734	18.841337203979492	-33.97101974487305	260	0.6408759442367151
0.0	1019.2875743327147	-40.8563117980957	1.7779245376586914	-27.57530403137207	-38.77978515625	3.689037322998047	-30.18301773071289	216	0.6420012881361575
0.0	1025.666319647419	-40.32626724243164	-14.204399108886719	-34.28563690185547	-41.26011657714844	-17.00491714477539	-31.650943756103516	279	0.6378745314704183
0.0	1032.0325128593984	-42.73218536376953	-10.84866714477539	-56.540855407714844	-41.92833709716797	-10.377897262573242	-57.21904373168945	220	0.6366193211979297
0.0	1038.3910041835134	-41.25804901123047	5.355754852294922	-50.06538009643555	-46.25007629394531	1.9041767120361328	-45.510780334472656	282	0.6358491324114903
0.0	1044.755441238358	-34.936492919921875	7.644286155700684	-30.948225021362305	-34.500572204589844	7.922384262084961	-31.36214256286621	215	0.6364437054844481
0.0	1051.0804090657953	-21.771709442138672	-4.893172264099121	-20.826915740966797	-23.199419021606445	-7.460502624511719	-18.072492599487305	284	0.6324967827437405
0.0	1057.4260282964854	0.8744053244590759	-13.101319313049316	-36.54220962524414	-0.5719705820083618	-12.888490676879883	-36.56690979003906	217	0.6345619230690143
0.0	1063.7643907350205	11.423179626464844	8.341752052307129	-47.67143249511719	-0.03651094436645508	14.181888580322266	-46.56730270385742	261	0.6338362438535151
0.0	1070.0914800309918	4.892589569091797	21.191627502441406	-37.617149353027344	2.2453086376190186	21.51003646850586	-37.621551513671875	219	0.6327089295971197
0.0	1076.4029104524793	-7.572788238525391	25.8201904296875	-32.18756866455078	-17.957504272460938	25.492422103881836	-27.415103912353516	270	0.6311430421487458
0.0	1082.720136053019	-32.776275634765625	37.97447204589844	-14.623218536376953	-34.12357711791992	37.22541427612305	-13.362198829650879	225	0.6317225600539537
0.0	1089.0407231518664	-35.16645812988281	37.25558090209961	4.004210472106934	-39.34831237792969	31.453170776367188	9.869806289672852	280	0.6320587098847504
0.0	1095.3476483778252	-30.650501251220703	10.814672470092773	16.460830688476562	-30.71843910217285	10.970378875732422	16.228923797607422	217	0.6306925225958899
0.0	1101.631449351507	-24.194311141967773	-3.777143955230713	8.008238792419434	-22.832881927490234	-6.540615081787109	9.862638473510742	280	0.6283800973681741
0.0	1107.9153825501562	-23.111705780029297	-2.959897041320801	-5.088367938995361	-23.078466415405273	-2.807347297668457	-5.320030212402344	213	0.6283933198649274
0.0	1114.2104053272117	-23.8994197845459	-4.619278907775879	-0.009491205215454102	-22.593795776367188	-8.365324020385742	2.728623867034912	266	0.6295022777055379
0.0	1120.4352519549336	-16.10338592529297	-14.76368522644043	-9.885679244995117	-15.904319763183594	-15.816483497619629	-8.062393188476562	224	0.6224846627721959
0.0	1126.6155776971377	-9.609034538269043	-3.526829719543457	-24.727310180664062	-14.39208984375	-2.5241146087646484	-20.813079833984375	265	0.6180325742204174
0.0	1132.7488781786426	-9.632100105285645	14.775907516479492	-26.157882690429688	-18.52301025390625	14.368120193481445	-20.186447143554688	231	0.6133300481504975
0.0	1138.8556012006607	-5.490133285522461	14.989145278930664	-14.06058120727539	-15.782731056213379	13.253755569458008	-4.627102375030518	259	0.6106723022017985
0.0	1144.906494157172	-1.4631481170654297	2.3773555755615234	-10.346692085266113	-4.189144134521484	2.934983730316162	-9.114681243896484	237	0.605089295651132
0.0	1150.950961228049	4.774710178375244	-9.449403762817383	-8.224360466003418	5.160267353057861	-4.136204242706299	-10.762967109680176	283	0.6044467070876987
0.0	1156.9646260163183	0.807414174079895	-15.257680892944336	-35.38597106933594	-3.23646879196167	-13.388067245483398	-35.443416595458984	233	0.6013664788269388
0.0	1163.0066419871266	-3.0075738430023193	3.902649164199829	-45.30280685424805	-14.920828819274902	8.837833404541016	-40.472450256347656	284	0.6042015970808243
0.0	1169.0483672181083	-13.39602279663086	10.443140029907227	-27.461517333984375	-15.468484878540039	10.116908073425293	-26.42053985595703	225	0.6041725230981648
0.0	1175.1186603934796	-13.409635543823242	-2.1440505981445312	-27.83036231994629	-17.511690139770508	-2.739485740661621	-24.829744338989258	259	0.6070293175371274
0.0	1181.245071296654	-18.086137771606445	-4.790976524353027	-47.3848762512207	-17.4664306640625	-4.653512001037598	-47.625736236572266	218	0.6126410903174454
0.0	1187.3970157145025	-16.477092742919922	3.5467138290405273	-47.709861755371094	-22.505680084228516	2.9538068771362305	-44.84382247924805	283	0.6151944417848358
0.0	1193.59347777086	-16.97222137451172	-8.241775512695312	-40.303382873535156	-15.784523010253906	-7.857276916503906	-40.835060119628906	214	0.6196462056357563
0.0	1199.809289280118	-15.528127670288086	-20.52964210510254	-55.45806121826172	-18.412643432617188	-20.44195556640625	-54.23814010620117	277	0.621581150925798
0.0	1206.065082408142	-27.436073303222656	-8.626237869262695	-72.95484161376953	-25.327096939086914	-8.028585433959961	-73.7449951171875	213	0.6255793128023892
0.0	1212.3518144976263	-26.082157135009766	6.599575996398926	-70.30728149414062	-33.95912170410156	5.394071578979492	-66.55838012695312	281	0.6286732089484212
0.0	1218.678600730301	-21.16889762878418	30.511215209960938	-45.15230941772461	-17.648067474365234	31.162567138671875	-46.11493682861328	221	0.6326786232674746
0.0	1225.0099760749943	-13.841833114624023	30.80791473388672	-27.118452072143555	-19.504880905151367	29.702823638916016	-24.556886672973633	270	0.6331375344693305
0.0	1231.3317883724603	-10.684654235839844	12.102154731750488	-20.39768409729004	-9.40024471282959	12.414067268371582	-20.80865478515625	212	0.6321812297466004
0.0	1237.653945997141	-10.1988525390625	2.863922119140625	-29.354217529296875	-13.504096031188965	2.4773192405700684	-27.856914520263672	246	0.6322157624680586
0.0	1243.9615568001382	-20.515661239624023	6.316410064697266	-47.81525802612305	-18.424591064453125	6.835878372192383	-48.54960250854492	217	0.6307610802997268
0.0	1250.2896060187081	-24.088468551635742	17.687789916992188	-53.62526321411133	-30.716102600097656	16.366086959838867	-50.331871032714844	286	0.6328049218569942
0.0	1256.612302860532	-30.416887283325195	15.180000305175781	-46.92705154418945	-27.788036346435547	16.07556915283203	-48.18486404418945	214	0.632269684182404
0.0	1262.9508304189694	-24.330034255981445	9.312002182006836	-24.809246063232422	-27.086023330688477	7.3570780754089355	-22.421369552612305	286	0.6338527558437285
0.0	1269.2896088705588	-11.387471199035645	0.701174259185791	-18.825626373291016	-12.062804222106934	0.45760440826416016	-18.39621925354004	213	0.6338778451589506
0.0	1275.66789287287	-2.0635247230529785	-2.8049046993255615	-13.48621654510498	-4.574908256530762	-1.4755151271820068	-12.44599723815918	264	0.6378284002311243
0.0	1282.107713457781	-8.574164390563965	-20.713903427124023	-11.546920776367188	-7.8761820793151855	-20.749168395996094	-10.98164176940918	233	0.6439820584911151
0.0	1288.5614604364623	-14.21170425415039	-31.674339294433594	-35.220184326171875	-13.66897964477539	-30.83037567138672	-35.02653121948242	266	0.6453746978681278
0.0	1295.02943720713	-26.351057052612305	-21.61724281311035	-78.55020904541016	-21.38904571533203	-20.228721618652344	-80.16720581054688	217	0.6467976770667653
0.0	1301.4674617070584	-35.22088623046875	4.123536109924316	-84.9483642578125	-37.10758590698242	3.6953296661376953	-84.14106750488281	270	0.6438024499928284
0.0	1307.9251290613038	-43.6324462890625	27.044490814208984	-63.3985595703125	-35.407798767089844	30.130403518676758	-66.6336669921875	213	0.6457667354245403
0.0	1314.3808999535922	-41.158103942871094	46.147579193115234	-30.688556671142578	-42.822200775146484	45.305267333984375	-29.634544372558594	274	0.6455770892288527
0.0	1320.8601482464915	-28.792823791503906	33.72792053222656	14.548030853271484	-28.09542465209961	34.96757507324219	12.515661239624023	208	0.6479248292899241
0.0	1327.338873080722	-12.778796195983887	10.912463188171387	27.644927978515625	-12.058002471923828	10.215936660766602	28.20314598083496	240	0.6478724834230398
0.0	1333.8109971831918	-3.5224802494049072	-3.6905877590179443	13.220274925231934	-4.831207752227783	-3.542569637298584	12.7926025390625	208	0.6472124102470026
0.0	1340.2510287237512	-3.117201566696167	-12.206744194030762	-18.53410530090332	-3.5801992416381836	-12.04764461517334	-18.467208862304688	246	0.6440031540559403
0.0	1346.6183128756966	-18.952112197875977	-4.846630096435547	-43.617149353027344	-15.996356964111328	-3.7822017669677734	-44.772823333740234	216	0.6367284151945405
0.0	1352.9525919348532	-22.783132553100586	15.601235389709473	-46.7234992980957	-28.051767349243164	14.244829177856445	-44.05373764038086	275	0.6334279059156602
0.0	1359.2862980591158	-18.040803909301758	29.733097076416016	-33.348628997802734	-16.654064178466797	30.04560661315918	-33.766719818115234	217	0.6333706124262626
0.0	1365.6393092410633	-9.925241470336914	33.299049377441406	-12.617168426513672	-15.246227264404297	32.002235412597656	-10.02964973449707	287	0.6353011181947565
0.0	1371.9858490529518	-8.944924354553223	25.611431121826172	-2.5823469161987305	-8.625479698181152	25.702922821044922	-2.7228317260742188	214	0.6346539811888622
0.0	1378.313244322282	-11.48714542388916	18.961627960205078	4.478605270385742	-12.957390785217285	17.491191864013672	6.010654449462891	286	0.632739526933003
0.0	1384.607553408811	-9.800135612487793	13.566436767578125	1.9065937995910645	-9.287055969238281	13.955808639526367	1.3236746788024902	215	0.6294309086529133
0.0	1390.8879820903408	4.317925453186035	16.311235427856445	-1.407270908355713	2.973212957382202	16.567739486694336	-1.3622369766235352	249	0.6280428681529637
0.0	1397.1597623647215	10.074292182922363	11.47675895690918	-9.305819511413574	11.033422470092773	11.078081130981445	-8.645244598388672	217	0.6271780274380625
0.0	1403.4037841028137	8.313104629516602	8.708584785461426	-9.34648609161377	6.784833908081055	9.566035270690918	-9.668764114379883	270	0.6244021738092146
0.0	1409.6406881640125	4.78626012802124	5.185059547424316	-4.752708435058594	4.997303009033203	5.099598407745361	-4.623006820678711	210	0.6236904061198963
0.0	1415.9070944714672	4.854996681213379	-7.574692249298096	3.4694862365722656	5.991354942321777	-7.023689270019531	2.7323174476623535	294	0.6266406307454714
0.0	1422.2062433285198	-7.61018705368042	-11.858776092529297	-16.14281463623047	-7.224189281463623	-11.599493980407715	-16.479724884033203	213	0.6299148857052722
0.0	1428.502411152886	-9.983509063720703	-1.916172981262207	-23.245607376098633	-12.249707221984863	-2.446078300476074	-21.894559860229492	296	0.6296167824366118
0.0	1434.8210533082602	-19.061119079589844	7.201780319213867	-28.29570198059082	-18.699119567871094	7.344966888427734	-28.497928619384766	215	0.6318642155374222
0.0	1441.1420321659027	-26.559490203857422	17.48846435546875	-24.640071868896484	-30.332950592041016	15.128679275512695	-21.561792373657227	262	0.6320978857642543
0.0	1447.4414637637958	-38.08751678466797	13.697155952453613	-18.067283630371094	-37.51154327392578	14.24970531463623	-18.822763442993164	219	0.6299431597893023
0.0	1453.7196398786466	-38.64841079711914	11.197334289550781	-20.965730667114258	-42.3776741027832	5.386456489562988	-15.1210355758667	275	0.627817611485075
0.0	1459.9944640301508	-42.22185516357422	14.855789184570312	-28.716766357421875	-48.26667785644531	9.700334548950195	-19.76643943786621	220	0.6274824151504127
0.0	1466.2920539099146	-40.92909240722656	22.42247772216797	-34.51499938964844	-54.155921936035156	4.824464797973633	-13.544174194335938	312	0.6297589879763688
0.0	1472.5917301039794	-28.5996150970459	36.735904693603516	-31.749666213989258	-47.509742736816406	29.514148712158203	-5.978903770446777	249	0.6299676194064818
0.0	1478.8727117100052	-19.416446685791016	33.215309143066406	-22.557035446166992	-38.0711669921875	15.837502479553223	0.06560993194580078	63	0.6280981606025667
0.0	1485.124437552438	-18.722976684570312	25.8509521484375	-14.150580406188965	-28.762229919433594	18.596721649169922	5.089454650878906	265	0.6251725842432792
0.0	1491.381148293335	-25.178579330444336	23.90190887451172	-9.924099922180176	-28.487672805786133	2.7783775329589844	2.7524428367614746	289	0.6256710740897055
0.0	1497.6087960236646	-28.104724884033203	23.325647354125977	-11.018645286560059	-33.59265899658203	14.01616382598877	7.804864883422852	268	0.6227647730329553
0.0	1503.822276536394	-21.09510040283203	27.14554214477539	-8.975273132324219	-27.83441162109375	6.700712203979492	5.923956394195557	289	0.6213480512729277
0.0	1510.0405828675257	-14.384574890136719	32.10466003417969	8.891999244689941	-17.159759521484375	18.796600341796875	21.9962158203125	268	0.6218306331131754
0.0	1516.2631679822787	-20.409923553466797	27.055599212646484	34.6636962890625	-12.317214965820312	-16.917503356933594	30.285688400268555	350	0.6222585114753041
0.0	1522.440372070058	-50.30712127685547	-3.015626907348633	33.8915901184082	-25.877403259277344	-27.91230010986328	35.739383697509766	265	0.617720408777927
0.0	1528.5834316461392	-60.97072219848633	-14.252994537353516	-4.636935234069824	-25.66915512084961	-39.71412658691406	-14.925148010253906	15	0.6143059576081261
0.0	1534.7021529177516	-26.485183715820312	5.8675737380981445	-37.761566162109375	-38.52338409423828	8.002776145935059	-19.368408203125	263	0.6118721271612552
0.0	1540.806250874738	-0.9606038331985474	14.508950233459473	-11.389684677124023	-13.094240188598633	12.863786697387695	0.5907104015350342	289	0.6104097956986446
0.0	1546.8370217215074	-12.294631004333496	3.6225037574768066	17.79844093322754	-2.6690144538879395	-7.767071723937988	16.20479393005371	263	0.6030770846769525
0.0	1552.8114652734218	-35.02323532104492	-10.661768913269043	17.461511611938477	-0.6610307693481445	-34.11031723022461	-3.99393367767334	281	0.5974443551914483
0.0	1558.7149940519657	-48.22230911254883	-10.290783882141113	-5.130976676940918	-32.176048278808594	-20.579906463623047	-0.7593088150024414	277	0.5903528778543926
0.0	1564.5908702585498	-53.248268127441406	-5.241720199584961	-25.72052764892578	-23.029056549072266	-12.38134765625	-25.999176025390625	197	0.5875876206584135
0.0	1570.4569954661195	-36.54368591308594	5.689718723297119	-49.870689392089844	-47.6937370300293	17.46841049194336	-20.557483673095703	282	0.5866125207569731
0.0	1576.3151235304967	-19.148963928222656	7.409514427185059	-47.85358810424805	-27.608163833618164	25.020605087280273	-20.590145111083984	243	0.5858128064377317
0.0	1582.1566067132471	-19.81962776184082	4.177420616149902	-35.172760009765625	-30.212078094482422	13.548969268798828	-15.580650329589844	280	0.5841483182750331
0.0	1587.976978273665	-33.3692626953125	1.9376964569091797	-43.797035217285156	-28.014331817626953	13.140788078308105	-24.381725311279297	269	0.5820371560417879
0.0	1593.7501241763198	-20.046459197998047	14.279252052307129	-68.2200698852539	-48.75638198852539	37.032623291015625	-27.545246124267578	275	0.5773145902654722
0.0	1599.4750762751034	-2.828775405883789	20.25194549560547	-64.54664611816406	-35.18431091308594	49.46929931640625	-16.74925994873047	187	0.5724952098783567
0.0	1605.239241637793	4.296082496643066	20.6054744720459	-45.22184753417969	-24.420021057128906	38.57823944091797	-13.912046432495117	280	0.576416536268954
0.0	1611.0119911734998	1.3564567565917969	14.626211166381836	-27.268701553344727	-17.394588470458984	23.922592163085938	-4.052499771118164	167	0.5772749535706907
0.0	1616.8259624400707	-7.277844429016113	9.580199241638184	-17.752531051635742	-15.95422649383545	12.812952995300293	-3.731191873550415	278	0.5813971266570862
0.0	1622.6431546324004	-14.730024337768555	5.520509719848633	-13.934832572937012	-12.21081829071045	3.197335720062256	-7.286277770996094	165	0.5817192192329644
0.0	1628.4498202980253	-27.079593658447266	5.771474838256836	-13.24357795715332	-25.669282913208008	1.2291278839111328	-0.6214652061462402	271	0.5806665665624864
0.0	1634.2003019748518	-32.1205940246582	7.9743781089782715	-14.091214179992676	-20.97366714477539	-4.99582576751709	-8.941203117370605	240	0.5750481676826443
0.0	1639.9271632022371	-30.25443458557129	13.302430152893066	-14.098977088928223	-29.88593864440918	4.664401054382324	2.60905122756958	269	0.5726861227385407
0.0	1645.6352381202805	-28.27906036376953	17.70387840270996	-14.152881622314453	-24.237144470214844	0.9498109817504883	-3.9115617275238037	271	0.5708074918043344
