0.0	0.0	0.09346592426300049	-2.931262493133545	-26.62863540649414	5.171107769012451	25.253122329711914	-1.2075259685516357	83.68206386183806	0.0
0.0	5.834784106095773	-14.481246948242188	-3.438206911087036	-11.15334701538086	3.3264238834381104	11.774611473083496	1.046569585800171	127	0.5834784106095773
0.0	11.681377657190374	-14.466110229492188	0.05958986282348633	-5.780442714691162	-4.727029800415039	4.603632926940918	-1.5730741024017334	36	0.5846593551094602
0.0	17.51699238230281	-15.340375900268555	8.304607391357422	-13.305856704711914	0.6559977531433105	13.987720489501953	0.5850526094436646	84	0.5835614725112437
0.0	23.355441507240165	-12.970159530639648	7.531667709350586	-9.176495552062988	7.137576103210449	10.793973922729492	3.0883634090423584	174	0.5838449124937354
0.0	29.19902705002616	-19.34626579284668	23.530845642089844	-8.344110488891602	-0.8860574960708618	18.189205169677734	7.812264919281006	84	0.5843585542785993
0.0	35.064285649350566	-29.55648422241211	29.424686431884766	-23.222532272338867	19.00225830078125	26.169679641723633	7.463596820831299	160	0.586525859932441
0.0	40.98958758991725	-31.43714714050293	16.02044677734375	-39.638397216796875	-3.4069528579711914	44.60726547241211	0.056342124938964844	56	0.592530194056668
0.0	46.93672050573673	-34.84364318847656	3.8935317993164062	-43.93299102783203	21.907405853271484	45.934654235839844	5.558016300201416	161	0.5947132915819482
0.0	52.92884342300523	-44.76860809326172	-8.807571411132812	-41.621238708496094	-11.591560363769531	37.51329040527344	-8.296272277832031	45	0.5992122917268501
0.0	58.93128210097826	-52.891178131103516	-10.111481666564941	-38.47909164428711	20.191879272460938	46.4303092956543	10.55919075012207	174	0.6002438677973027
0.0	64.98760628101974	-50.747779846191406	-4.792327880859375	-15.868593215942383	-15.452252388000488	16.5701904296875	-2.2762293815612793	53	0.6056324180041475
0.0	71.03589022741563	-43.32403564453125	24.274757385253906	-10.179728507995605	5.066317558288574	19.152006149291992	9.12881088256836	109	0.6048283946395903
0.0	77.11658453619792	-27.17164421081543	25.005367279052734	-16.285850524902344	-3.5798068046569824	25.469406127929688	6.990918159484863	53	0.6080694308782282
0.0	83.20266038270526	-21.790672302246094	21.02154541015625	-14.196560859680176	12.743036270141602	14.074956893920898	3.3124747276306152	167	0.6086075846507344
0.0	89.34032188549685	-16.01830291748047	22.829076766967773	-11.887114524841309	-1.5774283409118652	19.5654296875	6.226584434509277	50	0.6137661502791585
0.0	95.46910861406948	-13.476995468139648	20.3909912109375	-20.356639862060547	14.308601379394531	17.562694549560547	0.8057692050933838	173	0.6128786728572632
0.0	101.62682588285742	-12.169404029846191	-0.26574134826660156	-48.07402801513672	1.683039665222168	46.0002555847168	-4.554044723510742	42	0.6157717268787931
0.0	107.78740135644435	-14.78398609161377	-19.089155197143555	-48.5908317565918	16.47621726989746	49.48902130126953	2.013495445251465	170	0.6160575473586928
0.0	113.94503006449888	-23.631010055541992	-13.866447448730469	-34.512046813964844	-4.184182643890381	29.754249572753906	-6.994494915008545	41	0.6157628708054529
0.0	120.1200983319014	-33.26945114135742	-4.376367568969727	-20.677371978759766	10.524393081665039	25.498014450073242	6.223012447357178	158	0.6175068267402527
0.0	126.27463102628576	-29.810199737548828	21.176395416259766	-19.27587890625	-6.393867015838623	26.814529418945312	4.990731239318848	41	0.6154532694384365
0.0	132.4675860625814	-25.515546798706055	28.691444396972656	-34.34771728515625	19.56451416015625	32.35121154785156	2.1977956295013428	154	0.6192955036295644
0.0	138.69832103798865	-26.786651611328125	22.226787567138672	-52.4522590637207	4.707017421722412	57.62261962890625	3.3747336864471436	73	0.6230734975407246
0.0	144.92479259009457	-22.1002197265625	14.881467819213867	-58.5499153137207	25.69857406616211	54.605865478515625	0.13729023933410645	166	0.6226471552105934
0.0	151.1772642543108	-12.375389099121094	5.566493034362793	-58.131385803222656	1.7720158100128174	57.4799919128418	-3.4752144813537598	35	0.6252471664216237
0.0	157.4617869060364	-12.766839981079102	1.3089590072631836	-56.93525695800781	23.11041259765625	53.316566467285156	-0.7088098526000977	172	0.6284522651725579
0.0	163.6961460180826	-14.43564224243164	-5.666746139526367	-47.552284240722656	0.3712313175201416	44.13065719604492	-5.848423957824707	39	0.6234359112046213
0.0	169.94777049414472	-21.75901985168457	-7.557768821716309	-36.95317840576172	15.145633697509766	38.480098724365234	3.2171130180358887	168	0.6251624476062126
0.0	176.21920678645844	-25.897804260253906	4.50862979888916	-30.38916015625	-4.9435858726501465	31.658065795898438	-1.1046273708343506	64	0.6271436292313721
0.0	182.47223417593767	-27.35763931274414	5.429555892944336	-34.174720764160156	17.318771362304688	35.00797653198242	3.6132845878601074	171	0.6253027389479239
0.0	188.73067506882674	-31.91071891784668	-2.3939743041992188	-29.196659088134766	-7.0379743576049805	29.116657257080078	-2.6382081508636475	58	0.625844089288907
0.0	194.97515399560595	-33.46933364868164	0.5301675796508789	-29.173755645751953	15.668703079223633	32.82286834716797	5.974440574645996	172	0.6244478926779209
0.0	201.23165465500247	-28.615999221801758	-3.435586929321289	-48.344207763671875	-1.8746800422668457	46.80039596557617	-4.925680637359619	47	0.6256500659396514
0.0	207.4325562374052	-27.694896697998047	-14.689591407775879	-46.270694732666016	17.03251075744629	49.21239471435547	4.444943428039551	169	0.6200901582402749
0.0	213.57164464395564	-18.708904266357422	-12.928264617919922	-34.66838073730469	-2.6064183712005615	30.553985595703125	-6.0080389976501465	39	0.613908840655043
0.0	219.67772208552992	-18.49959945678711	-4.9904022216796875	-27.719791412353516	11.82465648651123	29.424036026000977	2.9269814491271973	175	0.6106077441574287
0.0	225.8209160464283	-18.353853225708008	1.2623004913330078	-30.488943099975586	-1.8465131521224976	30.5487003326416	-2.124842643737793	56	0.6143193960898363
0.0	231.98655333649108	-19.00975227355957	-2.2205448150634766	-30.229503631591797	14.717665672302246	30.87928009033203	2.607632875442505	178	0.6165637290062794
0.0	238.18795113466922	-22.502788543701172	-8.59817123413086	-12.289167404174805	-5.692955017089844	11.101969718933105	-2.5480377674102783	65	0.6201397798178145
0.0	244.43075638585762	-29.979124069213867	3.738553047180176	3.084312915802002	5.122072219848633	3.272063732147217	7.962809085845947	180	0.6242805251188404
0.0	250.70350655233003	-37.348175048828125	22.290508270263672	-7.3177490234375	-6.165443420410156	16.043188095092773	6.908068656921387	49	0.6272750166472416
0.0	257.01363406943494	-38.658843994140625	25.796249389648438	-19.33270835876465	21.748306274414062	22.52638053894043	8.805119514465332	187	0.6310127517104893
0.0	263.32047731939446	-34.569000244140625	8.5235595703125	-36.17296600341797	2.18994140625	41.74281311035156	2.457249164581299	64	0.630684324995951
0.0	269.6839730750947	-35.197853088378906	1.1258411407470703	-35.85778045654297	21.412792205810547	41.37067794799805	4.5024871826171875	205	0.6363495755700204
0.0	276.0856857589846	-29.598495483398438	-5.614559173583984	-33.943851470947266	1.3765573501586914	33.242713928222656	-7.021296977996826	93	0.6401712683889901
0.0	282.47371185615646	-23.199146270751953	-8.12159538269043	-33.016639709472656	11.210897445678711	29.582422256469727	-10.105012893676758	206	0.6388026097171846
0.0	288.84476952005866	-18.495641708374023	-11.942577362060547	-29.232486724853516	1.0106697082519531	19.742271423339844	-15.573456764221191	123	0.6371057663902231
0.0	295.164182958705	-13.707622528076172	-6.197413921356201	-22.02722930908203	6.450970649719238	16.157323837280273	-10.555936813354492	212	0.6319413438646333
0.0	301.42491547549474	-3.097118377685547	0.7471053600311279	-27.953336715698242	12.405351638793945	18.628522872924805	-10.385394096374512	123	0.626073251678972
0.0	307.6330385989001	3.337167263031006	2.216890335083008	-35.30624771118164	24.161989212036133	12.904598236083984	-15.291044235229492	222	0.6208123123405331
0.0	313.8373581050573	-0.04735374450683594	-7.820727825164795	-55.66443634033203	26.379154205322266	26.804580688476562	-26.913898468017578	124	0.62043195061572
0.0	319.96075784497816	-9.893120765686035	-11.49649429321289	-61.55093765258789	26.57747459411621	22.926437377929688	-37.336585998535156	226	0.6123399739920871
0.0	326.05581536065836	-33.68658447265625	-19.130144119262695	-54.02444076538086	2.151653289794922	29.553367614746094	-37.748355865478516	154	0.6095057515680176
0.0	332.13988662462623	-47.715702056884766	-11.404638290405273	-31.779685974121094	-3.4734878540039062	35.56069564819336	-18.842147827148438	194	0.6084071263967845
0.0	338.20777576029167	-38.93723678588867	3.9002342224121094	-13.512094497680664	-11.551799774169922	23.33470344543457	-4.258615493774414	136	0.6067889135665452
0.0	344.300528602499	-28.03469467163086	17.106189727783203	-7.6972880363464355	8.21700382232666	22.987632751464844	9.431659698486328	203	0.6092752842207374
0.0	350.3432275264021	-17.647066116333008	25.096343994140625	-23.000782012939453	10.507394790649414	32.727935791015625	4.884552001953125	106	0.6042698923903059
0.0	356.38334639516796	-15.632256507873535	25.21135902404785	-35.0307731628418	32.24561309814453	32.07637405395508	3.3062281608581543	202	0.6040118868765887
0.0	362.4097988170337	-6.3115153312683105	11.545703887939453	-50.23213195800781	20.528043746948242	46.18360900878906	-4.9146575927734375	99	0.6026452421865693
0.0	368.4318110889821	-5.661783695220947	1.0805330276489258	-57.789913177490234	32.11836624145508	43.52555465698242	-9.362616539001465	195	0.6022012271948431
0.0	374.42787910948437	-8.877540588378906	-4.385854721069336	-56.012062072753906	12.83159065246582	48.15496826171875	-10.976875305175781	104	0.5996068020502291
0.0	380.4469318668547	-16.784812927246094	-6.0743560791015625	-60.949214935302734	29.555130004882812	52.6217041015625	-6.269621849060059	192	0.6019052757370339
0.0	386.4755923814769	-18.948055267333984	-22.44015884399414	-69.46015930175781	6.91286563873291	57.771217346191406	-16.590944290161133	103	0.6028660514622155
0.0	392.52700589336473	-24.209274291992188	-39.45548629760742	-56.5060920715332	13.018071174621582	55.465763092041016	-7.009200572967529	191	0.6051413511887832
0.0	398.62456060945357	-18.814777374267578	-45.495975494384766	-27.20345687866211	-8.239123344421387	12.732268333435059	-18.246063232421875	73	0.6097554716088818
0.0	404.7530228088314	-18.67124366760254	-40.423309326171875	-7.0513129234313965	-11.543651580810547	14.944042205810547	-1.5145201683044434	197	0.6128462199377864
0.0	410.95473955976706	-15.352978706359863	-12.833913803100586	9.33847427368164	-9.663457870483398	-10.289740562438965	-2.111999273300171	62	0.6201716750935665
0.0	417.1639937417858	-19.273632049560547	-3.6117095947265625	-7.689497470855713	3.6343560218811035	13.518936157226562	4.822674751281738	192	0.6209254182018771
0.0	423.4113696676899	-33.831268310546875	-15.938541412353516	-7.538824081420898	-11.100513458251953	9.19735336303711	-2.454143524169922	98	0.6247375925904072
0.0	429.6917146778451	-41.46577072143555	-7.958123207092285	1.3207640647888184	-1.8749876022338867	14.751581192016602	12.122575759887695	193	0.6280345010155196
0.0	435.9530917686773	-49.745819091796875	7.311544418334961	-8.557205200195312	-9.472522735595703	20.325336456298828	6.871540069580078	100	0.6261377090832269
0.0	442.1918644797205	-50.88574981689453	5.001682281494141	-16.625598907470703	10.435988426208496	30.637304306030273	13.481229782104492	179	0.6238772711043158
0.0	448.417670632394	-47.093353271484375	-7.411975860595703	-12.939087867736816	-13.502471923828125	16.474668502807617	-0.812166690826416	59	0.6225806152673516
0.0	454.629932716475	-46.164215087890625	0.7545051574707031	-4.14194393157959	7.198121547698975	18.841102600097656	14.572887420654297	195	0.621226208408102
0.0	460.7949137629463	-37.902008056640625	3.2143144607543945	-11.537479400634766	-8.277094841003418	17.306127548217773	2.662999153137207	52	0.6164981046471244
0.0	466.9208349835147	-34.93946075439453	2.9358558654785156	-6.151917934417725	8.179786682128906	16.841798782348633	11.219568252563477	199	0.6125921220568371
0.0	473.04778773969946	-30.00493812561035	9.688787460327148	-3.2670750617980957	-7.778275489807129	10.692889213562012	4.8510332107543945	52	0.6126952756184803
0.0	479.18767840345447	-30.11588478088379	22.339998245239258	-9.545921325683594	13.543062210083008	15.46879768371582	9.33419132232666	186	0.6139890663755004
0.0	485.3219326847063	-41.005958557128906	16.32114028930664	-35.37445068359375	-3.869022846221924	42.98133087158203	3.6612656116485596	88	0.6134254281251834
0.0	491.4229350561422	-51.34413528442383	5.016355514526367	-37.85321044921875	19.931015014648438	46.42345428466797	10.720913887023926	175	0.6101002371435886
0.0	497.5272673026447	-60.182899475097656	-11.573753356933594	-34.63222122192383	-16.429582595825195	35.01869583129883	-4.250377655029297	43	0.6104332246502489
0.0	503.6572253215415	-60.561561584472656	-29.340002059936523	-16.116901397705078	7.793917655944824	35.10368347167969	17.456462860107422	194	0.6129958018896763
0.0	509.80853092380437	-51.999046325683594	-23.363460540771484	43.17763900756836	-26.915477752685547	-39.97023010253906	1.9582200050354004	37	0.6151305602262875
0.0	515.9678702393551	-49.2471923828125	12.197652816772461	66.49447631835938	-15.37945556640625	-45.1611442565918	21.573373794555664	195	0.6159339315550706
0.0	522.1736460026239	-50.76366424560547	40.4423942565918	30.23599624633789	-14.910139083862305	-11.267488479614258	17.176769256591797	43	0.6205775763268733
0.0	528.3601848047888	-40.97707748413086	37.243812561035156	17.72047996520996	9.259805679321289	-10.83176040649414	11.858242988586426	192	0.6186538802164909
0.0	534.5006328636974	-34.69670867919922	27.883893966674805	18.559425354003906	-10.427177429199219	-4.721216201782227	12.760173797607422	35	0.6140448058908686
0.0	540.6210272837907	-40.287967681884766	34.08858871459961	32.80486297607422	1.941230297088623	-23.840606689453125	12.455705642700195	191	0.6120394420093236
0.0	546.7444858696958	-62.00984191894531	63.51298141479492	6.422043323516846	-13.042465209960938	20.366458892822266	23.88850975036621	86	0.6123458585905204
0.0	552.8855706215896	-61.86076736450195	61.651878356933594	-32.92249298095703	38.90203857421875	35.338748931884766	12.71856689453125	196	0.6141084751893781
0.0	559.0335483731053	-51.76448440551758	24.449552536010742	-46.30910873413086	-2.870812177658081	56.333309173583984	6.019208908081055	45	0.6147977751515656
0.0	565.1849005903391	-49.35258865356445	20.640024185180664	-34.863521575927734	25.836950302124023	40.507652282714844	10.259714126586914	196	0.6151352217233822
0.0	571.3241281781811	-38.424522399902344	23.778417587280273	-43.605445861816406	-2.772590160369873	52.903846740722656	4.851147651672363	36	0.6139227587842028
0.0	577.4768800235244	-27.171489715576172	13.314861297607422	-50.08769989013672	24.99671745300293	49.828086853027344	3.373427629470825	189	0.6152751845343226
0.0	583.5863352684427	-11.877605438232422	-0.3341960906982422	-45.15785217285156	3.2157790660858154	43.52735137939453	-3.82232928276062	38	0.6109455244918269
0.0	589.7218216031459	-10.295997619628906	-5.516146659851074	-32.36735153198242	11.347020149230957	32.07390213012695	0.4449847936630249	189	0.6135486334703237
0.0	595.8517218190743	-18.78864097595215	-1.1656732559204102	-20.149917602539062	-3.171456813812256	20.441028594970703	-1.509432315826416	87	0.6129900215928388
0.0	601.9882774589912	-24.885034561157227	2.0863037109375	-20.4898624420166	10.848502159118652	23.81984519958496	4.7876176834106445	189	0.6136555639916863
0.0	608.1124364605168	-17.78335952758789	4.560840129852295	-17.56760025024414	-3.0314934253692627	19.547677993774414	0.10217475891113281	39	0.6124159001525696
0.0	614.2485392496561	-12.115442276000977	6.68430233001709	-16.149799346923828	9.380071640014648	16.569358825683594	2.0830695629119873	191	0.6136102789139284
0.0	620.3920362666373	-3.472848892211914	0.5048689842224121	-13.354776382446289	1.052234411239624	12.917737007141113	-1.1317583322525024	41	0.6143497016981146
0.0	626.5213589051648	-0.41685667634010315	-1.019195318222046	-4.1252641677856445	1.370854139328003	3.873087167739868	-0.14948846399784088	186	0.6129322638527441
0.0	632.6223420784589	1.7292931079864502	14.805588722229004	9.317290306091309	0.5231336355209351	-3.350754976272583	6.2856125831604	45	0.6100983173294122
0.0	638.7129547910232	-0.4584159851074219	36.80765151977539	3.8868680000305176	4.403117656707764	-7.6330342292785645	-1.6491122245788574	181	0.60906127125643
0.0	644.8247368826557	-15.555744171142578	41.780826568603516	-38.55767059326172	5.538944244384766	48.780086517333984	8.680516242980957	61	0.6111782091632504
0.0	650.9392628065436	-22.120174407958984	27.848529815673828	-58.2781867980957	25.32501983642578	55.01538848876953	0.9741523265838623	183	0.6114525923888017
0.0	657.0814930102921	-14.979869842529297	4.668252944946289	-65.85829162597656	0.26456642150878906	63.94321823120117	-6.059565544128418	24	0.6142230203748456
0.0	663.2179655931735	-8.542454719543457	-9.378642082214355	-60.94806671142578	20.171892166137695	58.43083572387695	-0.6766501665115356	185	0.613647258288141
0.0	669.3018222478307	-7.301937103271484	-19.372453689575195	-40.48312759399414	0.61515212059021	32.51618194580078	-9.831072807312012	28	0.6083856654657251
0.0	675.3446385484607	-16.658693313598633	-10.281160354614258	-24.704132080078125	9.019118309020996	26.969945907592773	2.7624592781066895	188	0.6042816300629997
0.0	681.3658082743924	-22.919042587280273	11.964509010314941	-36.52138137817383	-2.3741395473480225	39.87905502319336	0.8777271509170532	38	0.6021169725931663
0.0	687.3896173949986	-20.6390380859375	13.603652000427246	-51.520652770996094	24.9508113861084	48.9537353515625	1.272589921951294	190	0.6023809120606216
0.0	693.4287068522618	-8.732913970947266	-3.1761722564697266	-71.4709243774414	5.255915641784668	66.36418914794922	-8.870307922363281	43	0.6039089457263257
0.0	699.4680193257138	-3.508246421813965	-26.23710823059082	-67.45511627197266	19.564208984375	65.3330078125	-1.4416043758392334	188	0.6039312473452021
0.0	705.5102640744027	5.7178850173950195	-44.91099166870117	-36.83616638183594	3.248567581176758	19.918548583984375	-17.784038543701172	30	0.6042244748688825
0.0	711.5032214284842	2.840167999267578	-40.96760940551758	-2.512449264526367	-5.762342929840088	8.191265106201172	3.07779598236084	184	0.5992957354081495
0.0	717.473358698162	-11.184060096740723	-20.327037811279297	29.962398529052734	-7.096704959869385	-34.01173400878906	-2.8978424072265625	25	0.597013726967777
0.0	723.4688540166911	-23.83132553100586	-1.5234260559082031	49.30569076538086	-14.20590591430664	-40.02342987060547	8.04437255859375	188	0.5995495318529132
0.0	729.5180120573673	-35.19975280761719	28.693389892578125	39.90330505371094	-12.987751007080078	-25.00739288330078	14.668546676635742	30	0.6049158040676141
0.0	735.5797193628912	-30.44678497314453	38.585304260253906	19.788286209106445	4.6872968673706055	-7.767444610595703	15.103266716003418	184	0.6061707305523839
0.0	741.6731916857885	-12.782756805419922	29.99395751953125	7.743330001831055	0.4716219902038574	7.350409507751465	14.137373924255371	70	0.6093472322897375
0.0	747.7919930776186	5.938289165496826	31.73127555847168	1.7855405807495117	16.9819278717041	-0.42598962783813477	11.167136192321777	225	0.6118801391830092
0.0	753.9641523621973	15.028182029724121	20.31108283996582	-26.38883399963379	26.673480987548828	21.74739646911621	0.39362430572509766	120	0.6172159284578667
0.0	760.1197919279216	5.722907543182373	4.330342769622803	-37.302799224853516	26.71869468688965	13.869169235229492	-15.708636283874512	232	0.6155639565724277
0.0	766.2027417667583	-9.886822700500488	-9.270195960998535	-29.589675903320312	5.112224578857422	12.785234451293945	-20.539464950561523	130	0.6082949838836696
0.0	772.2965686217564	-12.51760482788086	-2.097090721130371	-24.805683135986328	6.639759063720703	14.01717758178711	-16.394329071044922	226	0.6093826854998052
0.0	778.3999890628188	-18.368450164794922	-3.2560582160949707	-38.50659942626953	4.510734558105469	20.577442169189453	-27.35831642150879	148	0.6103420441062486
0.0	784.494769381311	-31.986480712890625	-5.263070106506348	-40.656898498535156	1.2540340423583984	25.312294006347656	-33.037132263183594	233	0.6094780318492258
0.0	790.6014431269347	-46.476470947265625	-18.193099975585938	-36.7787971496582	-20.86547088623047	17.361677169799805	-39.58258819580078	152	0.6106673745623687
0.0	796.7143867131939	-50.58588409423828	-20.647546768188477	-25.316394805908203	-27.601882934570312	20.548377990722656	-35.01729202270508	225	0.6112943586259197
0.0	802.787127281517	-45.98277282714844	-21.655290603637695	-15.001798629760742	-32.16615676879883	5.358644485473633	-28.4231014251709	144	0.6072740568323044
0.0	808.8198048002198	-44.03114700317383	-17.605382919311523	-7.866046905517578	-30.83404541015625	15.575977325439453	-20.775196075439453	236	0.60326775187028
0.0	814.8090704380214	-35.769615173339844	-14.061260223388672	-3.165386199951172	-28.88147735595703	2.4310827255249023	-16.08314323425293	141	0.5989265637801607
0.0	820.7802195832503	-32.68738555908203	-12.35130786895752	-2.1174464225769043	-26.940837860107422	8.362958908081055	-13.98027229309082	231	0.5971149145228837
0.0	826.8006845550129	-30.994279861450195	-15.562707901000977	3.4689650535583496	-31.021413803100586	-4.252185821533203	-11.016619682312012	164	0.6020464971762678
0.0	832.8442627101695	-24.631778717041016	-17.24820327758789	8.655037879943848	-30.62959098815918	-4.045072555541992	-4.109792709350586	252	0.6043578155156476
0.0	838.8987612886532	-10.072254180908203	-28.10337257385254	-1.216588020324707	-14.702978134155273	-23.92723274230957	-8.27763557434082	171	0.6054498578483702
0.0	844.9250883668184	-7.026769161224365	-28.639110565185547	-16.068883895874023	-9.390604972839355	-26.53058433532715	-17.631248474121094	270	0.6026327078165223
0.0	850.9158453600417	-15.828574180603027	-20.144628524780273	-31.050758361816406	-14.343212127685547	-18.826398849487305	-32.41755294799805	188	0.5990756993223215
0.0	856.8602286253841	-22.8442440032959	-8.453767776489258	-27.200878143310547	-24.276939392089844	-10.429763793945312	-25.021129608154297	287	0.5944383265342464
0.0	862.8062948806045	-32.64962387084961	-2.018087387084961	-13.260268211364746	-33.31526184082031	-3.415245771408081	-11.122248649597168	201	0.59460662552203
0.0	868.7779098771917	-26.42703628540039	11.738779067993164	-9.314453125	-28.993955612182617	7.541079521179199	-4.984206676483154	291	0.5971614996587302
0.0	874.7528475036308	-24.402099609375	22.948686599731445	-5.106942653656006	-26.281997680664062	21.172927856445312	-2.4753177165985107	211	0.5974937626439074
0.0	880.7589951581617	-27.389549255371094	18.96135711669922	6.9842848777771	-28.894229888916016	13.24104118347168	12.010002136230469	270	0.600614765453092
0.0	886.7775265355028	-23.658321380615234	-1.8518285751342773	0.9442517757415771	-23.34850311279297	-3.2135727405548096	2.8846030235290527	212	0.6018531377341102
0.0	892.7918836275496	-23.117050170898438	-1.4065122604370117	-7.356418609619141	-23.35934066772461	-4.769987106323242	-4.292482376098633	267	0.6014357092046819
0.0	898.7934739913376	-28.20585060119629	5.288344860076904	-14.343981742858887	-28.95667266845703	4.468667984008789	-13.05648422241211	203	0.6001590363787953
0.0	904.8369379324384	-33.239681243896484	2.2254276275634766	-10.823814392089844	-34.16586685180664	-1.5865564346313477	-7.403448581695557	308	0.6043463941100914
0.0	910.8810617067635	-44.11695861816406	-7.377169132232666	-20.35323715209961	-44.39876174926758	-7.942674160003662	-19.505748748779297	203	0.6044123774325009
0.0	916.9724003105271	-49.07111358642578	-13.097444534301758	-22.65111541748047	-49.230377197265625	-18.021984100341797	-18.140079498291016	265	0.6091338603763589
0.0	923.1117077725286	-48.77238845825195	-31.29438018798828	-31.00130844116211	-48.9877815246582	-32.045772552490234	-29.854389190673828	202	0.6139307462001492
0.0	929.2614408563375	-60.000572204589844	-45.02760696411133	-56.6926155090332	-59.77550506591797	-49.429588317871094	-52.5700569152832	263	0.614973308380886
0.0	935.4255373030161	-94.59442138671875	17.612276077270508	-90.22270202636719	-97.94377136230469	15.527318954467773	-86.92373657226562	201	0.616409644667861
0.0	941.5651925834768	-79.88153839111328	57.79775619506836	-65.8431396484375	-94.268310546875	48.361019134521484	-52.74019241333008	249	0.6139655280460772
0.0	947.7113422542486	-75.15982818603516	42.820919036865234	-28.958925247192383	-77.28776550292969	40.86813735961914	-25.977184295654297	204	0.6146149670771839
0.0	953.8884241632941	-66.29033660888672	23.986549377441406	-8.773751258850098	-69.10165405273438	16.39124298095703	-1.6081922054290771	277	0.6177081909045425
0.0	960.0594219345973	-46.44364547729492	4.964073181152344	-10.93496036529541	-46.055511474609375	5.782198905944824	-12.106606483459473	201	0.6170997771303133
0.0	966.208002641492	-40.65754699707031	8.160080909729004	-15.706799507141113	-40.80863952636719	7.889932632446289	-15.45061206817627	285	0.6148580706894844
0.0	972.4134511779167	-31.92633056640625	15.312350273132324	-21.044349670410156	-31.214937210083008	15.812990188598633	-21.7220458984375	197	0.6205448536424651
0.0	978.621722405456	-29.410659790039062	24.13478660583496	-16.71497917175293	-32.76552963256836	21.565135955810547	-13.637383460998535	262	0.620827122753933
0.0	984.8280278759989	-28.591827392578125	15.196459770202637	-4.842739105224609	-28.936756134033203	14.734621047973633	-4.161157131195068	205	0.6206305470542917
0.0	991.0054890697655	-21.97356605529785	1.3149900436401367	-0.3938159942626953	-21.870691299438477	-1.46490478515625	1.8541295528411865	285	0.6177461193766625
0.0	997.1878287645236	-23.756444931030273	-20.158607482910156	-14.294116973876953	-23.750263214111328	-20.54178237915039	-13.733686447143555	203	0.6182339694758017
0.0	1003.3762869726985	-35.59993362426758	-11.940528869628906	-28.800474166870117	-36.61207580566406	-15.362407684326172	-25.42827033996582	287	0.6188458208174842
0.0	1009.5849274792564	-39.25132751464844	18.12662124633789	-50.78261947631836	-38.948486328125	18.246444702148438	-50.97188186645508	202	0.6208640506557919
0.0	1015.7944975016251	-37.318817138671875	27.28111457824707	-42.81487274169922	-42.69318771362305	24.678483963012695	-39.09163284301758	283	0.620957002236869
0.0	1022.0044803496306	-30.209009170532227	12.582056045532227	-33.31197738647461	-30.21480369567871	12.579171180725098	-33.30781173706055	207	0.6209982848005506
0.0	1028.2423491167854	-27.383634567260742	6.893534183502197	-37.482452392578125	-30.189985275268555	5.422670841217041	-35.4371337890625	264	0.6237868767154643
0.0	1034.4782467550929	-36.3714485168457	7.241448402404785	-45.26850891113281	-35.77924728393555	7.528742790222168	-45.68841552734375	202	0.6235897638307508
0.0	1040.723010641355	-40.19277572631836	2.649362564086914	-35.58863067626953	-42.409461975097656	0.5118083953857422	-32.944801330566406	245	0.6244763886261928
0.0	1046.9342323715512	-39.44502258300781	-18.739383697509766	-40.10625457763672	-39.50597381591797	-18.798545837402344	-40.018348693847656	200	0.621122173019627
0.0	1053.166059690162	-40.986759185791016	-26.227176666259766	-61.78316879272461	-42.664268493652344	-28.012662887573242	-59.667057037353516	270	0.6231827318610729
0.0	1059.3832100043858	-47.82398223876953	-5.479145050048828	-73.62329864501953	-46.63945388793945	-4.929225921630859	-74.40718841552734	199	0.621715031422387
0.0	1065.620923075633	-45.50807571411133	11.362801551818848	-57.11391067504883	-48.97551345825195	9.28751277923584	-54.487525939941406	285	0.6237713071247308
0.0	1071.869402261624	-39.0776481628418	10.110389709472656	-30.181529998779297	-38.87671661376953	10.260308265686035	-30.389223098754883	200	0.6248479185990787
0.0	1078.1170619635493	-25.78545379638672	1.860976219177246	-22.269617080688477	-27.290918350219727	0.32736778259277344	-20.424312591552734	236	0.6247659701925301
0.0	1084.372568830308	-11.321934700012207	3.330561637878418	-26.853294372558594	-11.109453201293945	3.389559745788574	-26.933815002441406	197	0.6255506866758587
0.0	1090.626611483095	-2.137523651123047	16.038846969604492	-18.938655853271484	-5.5952019691467285	16.136384963989258	-17.994569778442383	240	0.6254042652787135
0.0	1096.846763208327	-4.496185302734375	11.894790649414062	-17.828725814819336	-4.153965950012207	11.931516647338867	-17.884923934936523	201	0.6220151725231882
0.0	1103.0591199734606	-13.130453109741211	13.640116691589355	-26.64435577392578	-15.871061325073242	13.030754089355469	-25.366167068481445	291	0.6212356765133676
0.0	1109.2951743069088	-38.42857360839844	29.674129486083984	-21.053163528442383	-37.17144012451172	30.44890785217285	-22.146833419799805	199	0.6236054333448305
0.0	1115.482360912615	-40.7878532409668	32.392887115478516	-0.739581823348999	-43.10605239868164	29.11702537536621	2.514618158340454	279	0.6187186605706022
0.0	1121.6621095223493	-31.751379013061523	10.52653980255127	13.559998512268066	-31.692888259887695	10.31231689453125	13.85726547241211	198	0.6179748609734432
0.0	1127.8250918080469	-22.74763298034668	-4.970843315124512	1.9969502687454224	-21.806760787963867	-7.360002040863037	3.8381853103637695	241	0.6162982285697604
0.0	1133.9195315500585	-23.334775924682617	-5.0708746910095215	-10.038117408752441	-23.41145133972168	-5.278367042541504	-9.747414588928223	199	0.6094439742011781
0.0	1139.9822645322097	-28.772293090820312	-7.371795654296875	-6.800014495849609	-28.25307846069336	-10.387260437011719	-4.349090576171875	249	0.6062732982151162
0.0	1146.0142112591636	-24.124849319458008	-13.720744132995605	-12.475194931030273	-24.162761688232422	-15.518545150756836	-9.7427978515625	202	0.6031946726953995
0.0	1151.9993120472568	-14.098705291748047	-3.375006675720215	-23.91183853149414	-17.7940673828125	-4.555676460266113	-19.760597229003906	359	0.5985100788093088
0.0	1157.9456668706293	-12.794611930847168	12.537158966064453	-29.46958351135254	-23.215208053588867	11.842386245727539	-21.4342098236084	219	0.5946354823372538
0.0	1163.9032639175118	-9.934661865234375	18.566898345947266	-21.09778594970703	-23.973623275756836	15.203662872314453	-7.897954940795898	133	0.59575970468825
0.0	1169.8248215875547	-5.331655025482178	12.799931526184082	-9.535453796386719	-11.819608688354492	11.368917465209961	-2.8020009994506836	233	0.5921557670042759
0.0	1175.7779035970589	-8.210166931152344	4.053076267242432	2.9102425575256348	-6.054275989532471	-3.274031639099121	3.907193183898926	111	0.595308200950421
0.0	1181.7515091367545	-30.26031494140625	-8.10066032409668	-0.23111820220947266	-21.270177841186523	-15.83704948425293	4.116095542907715	244	0.5973605539695654
0.0	1187.6918150124516	-48.50665283203125	-12.496190071105957	-17.09557342529297	-25.85258674621582	-24.90775489807129	-19.386375427246094	110	0.5940305875697097
0.0	1193.6544554234363	-53.2723503112793	-14.340469360351562	-55.96083068847656	-61.031768798828125	-9.007593154907227	-31.7403507232666	245	0.5962640410984709
0.0	1199.6097409016543	-37.47023391723633	-3.894164562225342	-77.66134643554688	-47.01719665527344	17.022905349731445	-50.12919235229492	113	0.5955285478217955
0.0	1205.5888455602005	-10.261268615722656	14.175861358642578	-74.93791198730469	-45.49263000488281	34.2806396484375	-42.517250061035156	249	0.5979104658546273
0.0	1211.5771206167844	-9.154329299926758	12.454068183898926	-58.464324951171875	-34.425262451171875	31.55902099609375	-28.61730194091797	107	0.5988275056583812
0.0	1217.608510808891	-21.062192916870117	11.82356071472168	-57.66948318481445	-45.081729888916016	21.73706817626953	-30.75740623474121	248	0.603139019210657
0.0	1223.576376521274	-14.852151870727539	15.581056594848633	-56.705257415771484	-39.032413482666016	29.593952178955078	-25.466190338134766	162	0.5967865712382886
0.0	1229.5695184852673	-17.828449249267578	19.291988372802734	-39.80804443359375	-38.157100677490234	22.680330276489258	-13.110184669494629	241	0.5993141963993321
0.0	1235.5159249314183	-20.814712524414062	19.367511749267578	-32.77265548706055	-34.97276306152344	15.609890937805176	-10.25788402557373	202	0.5946406446151006
0.0	1241.39183041414	-29.916738510131836	20.960723876953125	-25.521194458007812	-40.9367561340332	15.086119651794434	-1.7361125946044922	246	0.5875905482721779
0.0	1247.292758093241	-42.97222900390625	13.29234504699707	-21.331518173217773	-38.42540740966797	-6.849283218383789	-9.393659591674805	113	0.5900927679100962
0.0	1253.1664747881737	-55.46981430053711	9.806159973144531	-38.083492279052734	-62.85015106201172	2.150369644165039	-9.589573860168457	244	0.5873716694932758
0.0	1259.0435605131763	-58.616302490234375	6.295260429382324	-36.120872497558594	-48.98150634765625	-13.474176406860352	-23.253206253051758	107	0.58770857250026
0.0	1264.934674947878	-73.49136352539062	-2.724193572998047	-39.32768630981445	-72.5009765625	-13.893501281738281	-11.847900390625	243	0.5891114434701713
0.0	1270.84099014331	-71.64570617675781	-10.613739013671875	-59.884239196777344	-55.580108642578125	-15.719144821166992	-45.06200408935547	151	0.5906315195432024
0.0	1276.6749415861468	-33.38298034667969	-4.191932678222656	-75.9624252319336	-46.21558380126953	13.286623001098633	-51.583763122558594	105	0.5833951442836808
0.0	1282.5522458134863	-4.562909126281738	2.6820430755615234	-59.94455337524414	-31.129859924316406	19.00750732421875	-40.23586654663086	240	0.5877304227339344
0.0	1288.4171408425746	4.522819519042969	2.990903377532959	-41.964874267578125	-15.795166015625	23.572174072265625	-24.844966888427734	108	0.5864895029088282
0.0	1294.3523147774522	-4.251461982727051	5.9474992752075195	-28.040142059326172	-17.683292388916016	11.915471076965332	-16.49529266357422	239	0.5935173934877702
0.0	1300.3098940170805	-9.342401504516602	3.198730230331421	-38.32423400878906	-22.134414672851562	13.99524974822998	-23.137149810791016	109	0.5957579239628281
0.0	1306.3028204397783	-1.7452011108398438	15.840330123901367	-42.32594680786133	-24.991071701049805	24.791858673095703	-23.784395217895508	241	0.5992926422697712
0.0	1312.2924659550058	-4.722649574279785	7.956610202789307	-25.551599502563477	-17.203296661376953	13.820539474487305	-12.222856521606445	129	0.5989645515227455
0.0	1318.292411329638	-14.388117790222168	-6.095601558685303	-34.133453369140625	-24.097333908081055	0.4621596336364746	-23.79405975341797	241	0.5999945374632232
0.0	1324.2674855708929	-5.536767959594727	-4.236348628997803	-42.45341110229492	-17.926525115966797	14.521076202392578	-28.33338737487793	129	0.5975074241254783
0.0	1330.2348453786444	-3.0342767238616943	-6.445979595184326	-35.799869537353516	-16.392892837524414	7.083029747009277	-25.663663864135742	238	0.5967359807751536
0.0	1336.2720418678757	-4.469979286193848	-6.802355766296387	-39.32176971435547	-14.183998107910156	12.223955154418945	-27.98255157470703	135	0.6037196489231246
0.0	1342.308814637304	-6.0278520584106445	4.564215660095215	-40.08083724975586	-22.091838836669922	12.061710357666016	-28.414587020874023	242	0.6036772769428418
0.0	1348.3326796553167	-4.617341041564941	9.078362464904785	-34.007320404052734	-20.10927391052246	15.67303466796875	-21.423748016357422	95	0.6023865018012735
0.0	1354.3322690070204	-4.547276020050049	7.744389057159424	-20.986251831054688	-12.69212532043457	9.049592971801758	-15.55099105834961	231	0.5999589351703591
0.0	1360.368367851967	-6.9125471115112305	0.6907510757446289	-9.937616348266602	-9.234702110290527	0.2212066650390625	-6.646799087524414	246	0.6036098844946495
0.0	1366.3955168979915	-10.706354141235352	-8.479647636413574	-11.349478721618652	-11.46584701538086	-8.748046875	-8.976969718933105	229	0.6027149046024641
0.0	1372.4370744646944	-11.368895530700684	-15.204129219055176	-15.216822624206543	-8.137064933776855	-14.17249870300293	-15.70140266418457	308	0.6041557566703019
0.0	1378.5067129387016	-20.552181243896484	-12.652950286865234	-31.822465896606445	-24.56011962890625	-13.505450248718262	-27.4683837890625	222	0.6069638474007304
0.0	1384.5604525955773	-24.037883758544922	-2.042668342590332	-36.791893005371094	-29.705686569213867	-4.590784072875977	-30.92560386657715	281	0.6053739656875633
0.0	1390.5957826205813	-31.07720947265625	6.198038101196289	-33.28105163574219	-35.1812744140625	4.075044631958008	-29.07586097717285	210	0.6035330025004016
0.0	1396.5711642161014	-33.760902404785156	18.671649932861328	-29.166505813598633	-41.040218353271484	12.877885818481445	-21.774194717407227	293	0.5975381595520106
0.0	1402.5626977305817	-40.77838897705078	24.47815704345703	-12.09208869934082	-41.89582443237305	23.32600212097168	-10.397310256958008	204	0.5991533514480356
0.0	1408.548394724259	-34.410606384277344	18.454069137573242	-2.0932741165161133	-36.8056640625	12.872452735900879	2.918837070465088	283	0.5985696993677211
0.0	1414.5547124721243	-20.4514102935791	-1.3167494535446167	-6.174740791320801	-20.55052375793457	-1.6046736240386963	-5.762551307678223	200	0.6006317747865371
0.0	1420.521320057233	-12.04072380065918	-1.0181355476379395	-21.291105270385742	-14.098052978515625	-1.9203448295593262	-19.769426345825195	256	0.5966607585108614
0.0	1426.4594681822455	-14.511895179748535	6.308183670043945	-28.34966278076172	-15.858452796936035	5.91084623336792	-27.68194007873535	201	0.5938148125012482
0.0	1432.3966001413935	-11.714277267456055	5.763904094696045	-22.800886154174805	-14.946576118469238	4.900590419769287	-20.889448165893555	239	0.5937131959148128
0.0	1438.3060437053302	-12.582170486450195	-5.551398277282715	-27.137250900268555	-12.764986038208008	-5.61686372756958	-27.03733253479004	201	0.5909443563936652
0.0	1444.2376804315704	-12.955303192138672	-13.857593536376953	-41.41963577270508	-14.734956741333008	-14.080350875854492	-40.59178924560547	255	0.5931636726240181
0.0	1450.1725697009222	-29.70040512084961	-3.5755386352539062	-51.45026779174805	-29.826574325561523	-3.629298210144043	-51.37328338623047	200	0.5934889269351832
0.0	1456.1334876069086	-37.84222412109375	-1.2537784576416016	-37.59734344482422	-40.62109375	-4.5002899169921875	-34.128875732421875	289	0.5960917905986503
0.0	1462.0772355400218	-45.52320861816406	-1.713150978088379	-37.962242126464844	-46.68458557128906	-2.7877755165100098	-36.438507080078125	199	0.5943747933113144
0.0	1468.0285519742854	-37.587032318115234	10.789504051208496	-38.055606842041016	-42.267452239990234	7.382899761199951	-33.51767349243164	238	0.5951316434263557
0.0	1473.9733787067971	-33.80632019042969	6.500638961791992	-33.086856842041016	-34.61433029174805	5.9730987548828125	-32.334686279296875	199	0.594482673251183
0.0	1479.9248497299616	-27.26986312866211	3.7560768127441406	-32.885536193847656	-30.296659469604492	1.5280303955078125	-30.17815399169922	298	0.5951471023164546
0.0	1485.9003291043452	-19.863008499145508	7.632997512817383	-42.8724250793457	-20.836217880249023	7.367559432983398	-42.446128845214844	201	0.5975479374383575
0.0	1491.8582991062185	-10.278640747070312	11.930633544921875	-45.10150146484375	-15.669306755065918	11.91181755065918	-43.32386779785156	297	0.5957970001873318
0.0	1497.793277071472	-11.544466018676758	18.595306396484375	-45.77482604980469	-13.323509216308594	18.401927947998047	-45.34496307373047	201	0.5934977965253367
0.0	1503.7457498251886	-10.24097728729248	18.349685668945312	-45.32166290283203	-16.153133392333984	18.29698944091797	-43.38925552368164	307	0.5952472753716556
0.0	1509.6828197539978	-21.2794189453125	26.32809829711914	-48.4184455871582	-22.53893280029297	26.061630249023438	-47.9803352355957	199	0.593706992880929
0.0	1515.6281658830858	-30.124988555908203	30.122615814208984	-30.501115798950195	-35.13367462158203	27.68256950378418	-27.16485023498535	277	0.5945346129088059
0.0	1521.5875778753302	-40.77442169189453	18.16455078125	-11.890312194824219	-41.003665924072266	17.890689849853516	-11.509657859802246	199	0.5959411992244403
0.0	1527.563147573558	-42.20999526977539	8.29709243774414	-2.5926027297973633	-42.882965087890625	4.151435852050781	0.7859096527099609	318	0.5975569698227693
0.0	1533.5503681763053	-28.19344139099121	-0.5415062308311462	-13.67238712310791	-28.514005661010742	-1.0643174648284912	-12.953922271728516	200	0.598722060274733
0.0	1539.5479114182854	-15.12667465209961	-2.8069238662719727	-20.054733276367188	-16.47173500061035	-3.9595470428466797	-18.651859283447266	307	0.5997543241980099
0.0	1545.53500782343	-8.571086883544922	0.6775507926940918	-33.06283187866211	-9.74382495880127	0.5155224800109863	-32.71902847290039	200	0.5987096405144767
0.0	1551.5070909909093	-13.228487968444824	8.851631164550781	-34.28830337524414	-18.0430850982666	8.123429298400879	-31.990116119384766	325	0.5972083167479167
0.0	1557.514204167865	-28.87681007385254	14.663873672485352	-25.953296661376953	-30.19407844543457	13.924909591674805	-24.817211151123047	203	0.6007113176955772
0.0	1563.4855190145722	-35.059574127197266	14.218544960021973	-17.84514617919922	-37.84189987182617	10.732575416564941	-14.170571327209473	278	0.5971314846707272
0.0	1569.5076201478703	-41.646602630615234	11.946227073669434	-17.523059844970703	-42.997535705566406	10.239654541015625	-15.157171249389648	207	0.6022101133298029
0.0	1575.5128224230764	-45.55570602416992	14.667847633361816	-14.055852890014648	-47.960350036621094	9.882261276245117	-9.445560455322266	258	0.6005202275206204
0.0	1581.5141507554204	-42.344444274902344	-3.901071548461914	-20.047218322753906	-43.18912124633789	-7.84779167175293	-16.6696720123291	325	0.600132833234402
0.0	1587.4621728945538	-38.359474182128906	0.49120330810546875	-27.658538818359375	-39.50769805908203	-0.6916723251342773	-25.963298797607422	197	0.5948022139133485
0.0	1593.3797877414165	-32.76555252075195	4.754244804382324	-25.219568252563477	-34.95095443725586	2.0527515411376953	-22.41655731201172	308	0.5917614846862695
0.0	1599.3049365028892	-29.107824325561523	14.324175834655762	-28.818052291870117	-29.881906509399414	13.904319763183594	-28.218719482421875	197	0.592514876147268
0.0	1605.2044258526666	-28.835580825805664	21.265884399414062	-32.501678466796875	-32.509193420410156	19.33867835998535	-30.079212188720703	318	0.589948934977755
0.0	1611.164083308936	-26.201526641845703	36.36188888549805	-18.266342163085938	-29.23862075805664	34.923030853271484	-16.18773651123047	203	0.5959657456269328
0.0	1617.0615721160366	-16.123849868774414	27.419692993164062	-3.4936318397521973	-18.839664459228516	25.773300170898438	-1.532060146331787	277	0.5897488807100766
0.0	1622.9268674716236	-14.006823539733887	11.321966171264648	-7.766190528869629	-14.284002304077148	11.141545295715332	-7.514910697937012	196	0.5865295355587127
0.0	1628.7293933027943	-15.657917022705078	8.277222633361816	-14.786048889160156	-17.34348487854004	7.127547740936279	-13.404865264892578	305	0.5802525831170735
0.0	1634.5633093409524	-17.781028747558594	9.401247024536133	-11.491878509521484	-17.803775787353516	9.385377883911133	-11.46959114074707	198	0.5833916038158092
0.0	1640.3581987716282	-13.288623809814453	4.310323715209961	-7.11375093460083	-13.935152053833008	3.4953722953796387	-6.263197898864746	278	0.5794889430675835
0.0	1646.1581284254135	-13.108309745788574	0.16672492027282715	-12.55766773223877	-13.489869117736816	-0.11528372764587402	-12.141658782958984	197	0.5799929653785295
0.0	1651.982985918673	-4.8065595626831055	3.5741522312164307	-20.212398529052734	-7.281973838806152	3.54974365234375	-19.346792221069336	259	0.5824857493259489
