0.0	3278.0	-13.205033302307129	1.0314927101135254	-16.537912368774414	-6.967580318450928	16.482608795166016	-1.8873211145401	346.40669667894497	0.0
0.0	3283.9923007137318	-13.205033302307129	1.0314927101135254	-16.537912368774414	-6.967580318450928	16.482608795166016	-1.8873211145401	345	0.6175892147014798
0.0	3290.193045783984	-23.07747459411621	10.414810180664062	-6.807956695556641	-8.531850814819336	14.302603721618652	6.197789669036865	340	0.6200745070252107
0.0	3296.4413153103415	-22.910486221313477	10.753771781921387	-12.46923828125	4.406067371368408	19.820215225219727	6.634680271148682	247	0.6248269526357295
0.0	3302.7078198815834	-24.07277488708496	12.050308227539062	-5.005512237548828	-9.290451049804688	12.959038734436035	6.508117198944092	354	0.6266504571242175
0.0	3308.9326884602415	-27.1854248046875	25.62639617919922	-7.89224910736084	8.527725219726562	16.350982666015625	9.23499584197998	207	0.622486857865817
0.0	3315.1975279529897	-37.29313278198242	29.19278335571289	-22.77295684814453	-14.498814582824707	36.01534652709961	10.077284812927246	352	0.6264839492748228
0.0	3321.462919930677	-37.80433654785156	20.422842025756836	-37.8613395690918	12.632080078125	44.90522766113281	7.311844348907471	200	0.6265391977687074
0.0	3327.7553435687264	-38.63951873779297	5.6336164474487305	-40.63527297973633	-17.26515007019043	41.99565887451172	-1.569885492324829	352	0.6292423638049713
0.0	3334.0845835545806	-47.501258850097656	-0.8693904876708984	-37.36137390136719	0.32965612411499023	44.510562896728516	5.646479606628418	114	0.632923998585408
0.0	3340.449312327327	-52.216827392578125	-6.1875152587890625	-35.534767150878906	-21.463043212890625	33.89797592163086	-3.9731459617614746	357	0.6364728772746473
0.0	3346.82519014803	-55.28322982788086	-0.9629802703857422	-13.957820892333984	2.5721888542175293	25.709259033203125	11.028424263000488	157	0.6375877820703122
0.0	3353.1842061283387	-52.20570755004883	20.42572593688965	-6.2606682777404785	-18.487590789794922	16.66547966003418	9.724637985229492	359	0.635901598030899
0.0	3359.5135093718573	-41.180267333984375	29.083953857421875	-12.149543762207031	15.267388343811035	18.516761779785156	8.98994255065918	192	0.6329303243518585
0.0	3365.915664073459	-35.5353889465332	20.533348083496094	-11.680696487426758	-13.804325103759766	21.402137756347656	8.120523452758789	359	0.6402154701601794
0.0	3372.3973131419475	-30.99716567993164	24.984935760498047	-11.835294723510742	13.011371612548828	14.625645637512207	5.013543128967285	191	0.6481649068488629
0.0	3378.9068483421065	-24.630977630615234	16.8737850189209	-30.92403221130371	-8.417807579040527	36.93830871582031	3.2481045722961426	354	0.6509535200159088
0.0	3385.473607246689	-15.574080467224121	-0.5742132663726807	-45.44770431518555	10.08118724822998	46.57555389404297	1.0211199522018433	171	0.6566758904582463
0.0	3392.092386717926	-23.194549560546875	-10.098163604736328	-32.74189758300781	-8.719621658325195	28.779048919677734	-6.015620231628418	9	0.6618779471236695
0.0	3398.755895803115	-29.474681854248047	-3.438595771789551	-24.473133087158203	9.455209732055664	30.2089786529541	5.971445560455322	187	0.6663509085189385
0.0	3405.4081737385563	-36.6281623840332	13.995716094970703	-8.83015251159668	-13.707244873046875	15.992591857910156	5.975302696228027	0	0.6652277935441394
0.0	3412.1197398949535	-33.21925354003906	31.976787567138672	-17.277692794799805	15.594134330749512	18.350608825683594	3.739058256149292	187	0.6711566156397111
0.0	3418.8568071110376	-32.85261154174805	29.550003051757812	-38.88295364379883	-11.717906951904297	48.87091064453125	6.445960998535156	358	0.6737067216083974
0.0	3425.604044406632	-26.67672348022461	23.463048934936523	-55.391204833984375	21.007232666015625	54.71862030029297	1.380002498626709	180	0.6747237295594573
0.0	3432.2646798644632	-19.690143585205078	11.449455261230469	-50.538978576660156	-8.85602855682373	51.93986129760742	-2.546792984008789	357	0.6660635457831292
0.0	3438.905755466799	-18.272676467895508	6.427518844604492	-53.47566223144531	14.697670936584473	54.182228088378906	1.586172103881836	156	0.6641075602335389
0.0	3445.5304902567495	-22.281530380249023	0.32384681701660156	-41.78370666503906	-9.484991073608398	39.5533332824707	-5.153585910797119	10	0.6624734789950875
0.0	3452.117209353868	-27.708202362060547	0.7094860076904297	-34.174495697021484	11.258862495422363	37.7415771484375	4.24709939956665	171	0.6586719097118507
0.0	3458.668144257697	-34.126033782958984	9.251935005187988	-27.826892852783203	-13.956916809082031	30.375600814819336	0.2944223880767822	9	0.6550934903828984
0.0	3465.2179241945723	-36.380340576171875	8.34292984008789	-33.133724212646484	14.961067199707031	36.711647033691406	5.251544952392578	179	0.6549779936875635
0.0	3471.7720046273744	-43.905582427978516	0.8292369842529297	-26.706581115722656	-15.581001281738281	27.950929641723633	-0.8862705230712891	3	0.6554080432801985
0.0	3478.3174344033905	-39.530967712402344	6.764699935913086	-34.472652435302734	15.04824447631836	39.99454879760742	6.903039932250977	178	0.6545429776016142
0.0	3484.859506688832	-33.43054962158203	-7.550863265991211	-46.441802978515625	-11.926206588745117	41.977622985839844	-8.114943504333496	7	0.6542072285441296
0.0	3491.4214735560936	-24.9809627532959	-10.980146408081055	-36.30987548828125	11.892446517944336	40.31068801879883	4.3309454917907715	182	0.6561966867261664
0.0	3498.0506608544406	-23.216068267822266	0.3223142623901367	-25.811992645263672	-9.586165428161621	24.3956298828125	-3.481008291244507	10	0.6629187298346899
0.0	3504.6703281321984	-22.486019134521484	6.399104118347168	-29.091400146484375	7.480552673339844	31.558273315429688	2.9121816158294678	124	0.6619667277757855
0.0	3511.2963491976534	-22.813886642456055	-2.3289952278137207	-23.69416046142578	-8.03908634185791	22.28986167907715	-2.6144282817840576	11	0.6626021065455063
0.0	3517.952762959568	-26.852699279785156	-1.4436874389648438	-8.905522346496582	4.190833568572998	13.13672161102295	4.603940486907959	167	0.6656413761914595
0.0	3524.5935028260515	-37.13090515136719	16.687271118164062	3.682483673095703	-12.426785469055176	4.940414905548096	8.015750885009766	6	0.664073986648311
0.0	3531.2293100943302	-42.35099792480469	29.926481246948242	-7.114893913269043	14.091720581054688	12.203044891357422	8.120357513427734	188	0.6635807268278764
0.0	3537.8480552367046	-42.73551559448242	24.552120208740234	-24.531579971313477	-11.39146900177002	37.19522476196289	8.371835708618164	15	0.6618745142374174
0.0	3544.4700326580496	-37.625064849853516	14.41379165649414	-32.82194900512695	22.15318489074707	40.55647277832031	9.36385726928711	203	0.6621977421345056
0.0	3551.0997327661303	-36.3773078918457	3.451017379760742	-33.95722198486328	-6.115900039672852	38.46999740600586	-2.6418590545654297	46	0.6629700108080556
0.0	3557.7210368280175	-26.427783966064453	-0.22035455703735352	-31.96961784362793	12.428524017333984	35.73121643066406	-0.808722734451294	197	0.6621304061887366
0.0	3564.3043763579467	-18.58464241027832	-5.819779396057129	-29.74668312072754	0.592808723449707	24.97882080078125	-11.059370040893555	97	0.6583339529929119
0.0	3570.8812786484086	-14.891469955444336	-3.980417490005493	-24.834463119506836	7.318211078643799	20.277122497558594	-10.118358612060547	201	0.6576902290462079
0.0	3577.4459263983076	-7.39102840423584	7.31955623626709	-22.01238441467285	7.179116249084473	20.405502319335938	-6.19244384765625	97	0.6564647749899097
0.0	3583.982609072668	2.8666176795959473	11.145355224609375	-31.449405670166016	25.49892234802246	16.651165008544922	-9.212395668029785	221	0.6536682674360209
0.0	3590.5310407308552	3.961009979248047	6.4931135177612305	-49.411903381347656	25.162235260009766	32.599273681640625	-19.1232967376709	101	0.6548431658187333
0.0	3597.0481252191803	-0.40250396728515625	0.5095228552818298	-60.469322204589844	34.7910041809082	27.381242752075195	-28.335336685180664	225	0.6517084488324844
0.0	3603.560558650335	-24.79180908203125	-11.491840362548828	-56.352142333984375	6.321981430053711	35.03034210205078	-32.11827850341797	102	0.6512433431154812
0.0	3610.0414184293522	-39.97764205932617	-10.172072410583496	-38.803009033203125	4.715427398681641	38.017478942871094	-16.618532180786133	191	0.648085977901721
0.0	3616.4915190904217	-39.12211608886719	7.170449256896973	-13.103612899780273	-13.444097518920898	23.455991744995117	-1.832993507385254	96	0.6450100661069612
0.0	3622.9299510659516	-24.914573669433594	24.538497924804688	-9.956790924072266	10.705730438232422	23.941051483154297	11.434043884277344	164	0.6438431975530017
0.0	3629.3219220577193	-18.870149612426758	31.518354415893555	-25.17581558227539	7.112987518310547	38.85441589355469	7.626066207885742	97	0.6391970991767877
0.0	3635.6383649431905	-16.58083724975586	24.617828369140625	-36.71430587768555	26.08573341369629	35.5886116027832	4.444928169250488	173	0.6316442885471252
0.0	3641.9044830526714	-8.873357772827148	9.625053405761719	-32.34814453125	2.4166698455810547	33.6656494140625	-2.0420303344726562	49	0.626611810948103
0.0	3648.1319286977036	-8.341024398803711	8.798059463500977	-31.050457000732422	14.157255172729492	28.65060806274414	-0.21293723583221436	175	0.6227445645032058
0.0	3654.328461419965	-10.646842002868652	-3.7202043533325195	-33.89503860473633	-3.410764694213867	29.828977584838867	-6.756941795349121	15	0.6196532722261517
0.0	3660.5206251746213	-4.546133995056152	-8.521576881408691	-24.125659942626953	5.807565689086914	24.35067367553711	0.5583640933036804	161	0.6192163754655955
0.0	3666.703148665762	-8.35264778137207	-19.60310935974121	-20.373624801635742	-3.5845179557800293	11.773594856262207	-9.435135841369629	8	0.6182523491140941
0.0	3672.8757561125526	-9.818315505981445	-29.42827796936035	-4.0076518058776855	-2.4235587120056152	5.936955451965332	1.1082258224487305	140	0.6172607446790825
0.0	3679.0427073794413	-20.203916549682617	-11.446878433227539	15.066793441772461	-7.343379974365234	-18.330535888671875	-1.4156262874603271	0	0.6166951266888625
0.0	3685.2437947670965	-28.490190505981445	14.58317756652832	4.343164443969727	6.399044513702393	-2.2343568801879883	3.995478630065918	180	0.6201087387655364
0.0	3691.5284269754707	-39.047019958496094	4.712894916534424	-22.697267532348633	-14.762120246887207	23.988035202026367	-0.8614273071289062	13	0.6284632208374058
0.0	3697.8841068443285	-44.207130432128906	-5.467981338500977	-23.125459671020508	12.65588665008545	29.26323699951172	7.744312286376953	175	0.6355679868857633
0.0	3704.2872310353064	-39.73900604248047	-6.187151908874512	-16.194271087646484	-15.44706916809082	14.202800750732422	-3.4283952713012695	15	0.6403124190977947
0.0	3710.7210509608562	-25.985065460205078	10.05750560760498	-22.96575164794922	10.577760696411133	25.161890029907227	3.7204322814941406	158	0.6433819925549983
0.0	3717.185931664182	-15.039545059204102	4.1891632080078125	-34.47591018676758	-4.905791759490967	33.8906364440918	-3.376016855239868	18	0.6464880703326036
0.0	3723.6671698478167	-17.981887817382812	0.516829252243042	-35.56144714355469	12.252481460571289	36.486873626708984	2.112406015396118	169	0.6481238183634651
0.0	3730.163223887708	-32.100135803222656	2.1164965629577637	-12.241659164428711	-10.715035438537598	14.236679077148438	0.389920711517334	27	0.649605403989136
0.0	3736.6872867657635	-44.380889892578125	19.066295623779297	-11.855766296386719	14.264036178588867	16.989768981933594	8.27572250366211	177	0.652406287805532
0.0	3743.2298700982037	-47.71702194213867	22.103429794311523	-31.67936897277832	-15.695266723632812	39.732669830322266	4.215856552124023	16	0.6542583332440142
0.0	3749.749712262464	-44.817020416259766	14.716608047485352	-35.515411376953125	20.136789321899414	38.97168731689453	6.701386451721191	177	0.6519842164260565
0.0	3756.262056759971	-40.30800247192383	16.331457138061523	-23.834213256835938	-14.704231262207031	29.981204986572266	3.1648941040039062	18	0.6512344497507223
0.0	3762.8079533854807	-26.984294891357422	20.783397674560547	-28.111692428588867	14.234411239624023	28.313203811645508	2.602381467819214	172	0.6545896625509813
0.0	3769.4077989132043	-18.063791275024414	22.04283905029297	-14.375504493713379	-5.4975409507751465	22.640827178955078	6.336845397949219	14	0.659984552772355
0.0	3776.063357710167	-18.832149505615234	36.261627197265625	-21.70725440979004	16.166275024414062	18.65416717529297	0.44414806365966797	177	0.6655558796962928
0.0	3782.731078440817	-31.480785369873047	21.753067016601562	-40.47884750366211	-10.855711936950684	47.18574523925781	2.3470730781555176	14	0.6667720730649576
0.0	3789.4381059243046	-32.8341064453125	4.909006118774414	-48.011165618896484	17.95827865600586	50.8185920715332	4.666028022766113	160	0.6707027483487776
0.0	3796.161605806345	-24.74834442138672	-5.597538948059082	-40.9207649230957	-10.11062240600586	35.68438720703125	-8.323273658752441	14	0.6723499882040517
0.0	3802.845165662783	-16.227863311767578	-7.489259719848633	-34.48225402832031	11.980300903320312	35.9000129699707	2.1680009365081787	181	0.6683559856438006
0.0	3809.5148142636617	-13.183045387268066	10.297236442565918	-17.516613006591797	9.244758605957031	17.0932674407959	1.1534620523452759	172	0.6669648600878437
0.0	3816.2157827775436	-2.77870774269104	-3.5357024669647217	-1.9392693042755127	-1.1778528690338135	0.5815702676773071	-1.4136089086532593	15	0.6700968513881675
0.0	3822.9450450951854	1.9498722553253174	11.598161697387695	21.6192569732666	-4.866316795349121	-22.295154571533203	-0.23910188674926758	183	0.6729262317641922
0.0	3829.7074197765514	-12.065176010131836	46.15003967285156	8.227383613586426	-2.7145280838012695	10.235998153686523	17.59369468688965	23	0.6762374681366161
0.0	3836.4994066923687	-16.4420223236084	50.000823974609375	-13.958833694458008	13.151247024536133	7.710553169250488	-3.0249576568603516	176	0.679198691581707
0.0	3843.3311151145404	-19.56686782836914	37.73207473754883	-23.434226989746094	-2.7301242351531982	35.35697555541992	9.756278991699219	10	0.6831708422171542
0.0	3850.2275533016114	-29.096118927001953	35.53665542602539	-32.23950958251953	19.727313995361328	28.545791625976562	0.053061485290527344	179	0.6896438187070937
0.0	3857.114535885038	-45.27006149291992	19.094751358032227	-39.743282318115234	-15.561396598815918	46.17021179199219	2.5527539253234863	8	0.688698258342658
0.0	3863.9919588463176	-52.30819320678711	13.594500541687012	-57.083438873291016	28.056644439697266	59.2907829284668	5.938686847686768	185	0.6877422961279442
0.0	3870.923821488961	-48.150150299072266	-28.10586929321289	-66.31369018554688	-17.598360061645508	52.78268814086914	-18.027551651000977	14	0.693186264264326
0.0	3877.895750406588	-49.784515380859375	-36.168792724609375	-29.1123104095459	5.511007785797119	38.60734558105469	8.700159072875977	166	0.6971928917626835
0.0	3884.8437223278274	-51.38127136230469	-11.935724258422852	-16.28001594543457	-19.791278839111328	12.591256141662598	-5.049468994140625	17	0.694797192123956
0.0	3891.757248089843	-51.727867126464844	-7.513484954833984	-18.101110458374023	13.077005386352539	26.166807174682617	10.067596435546875	181	0.6913525762015542
0.0	3898.602726172161	-54.37813949584961	0.009225845336914062	-7.975346565246582	-17.85607147216797	10.1558256149292	0.5728802680969238	10	0.6845478082317932
0.0	3905.3871793598814	-49.548553466796875	3.797891616821289	-12.947881698608398	9.428506851196289	19.438791275024414	8.024911880493164	171	0.6784453187720274
0.0	3912.0581496545074	-36.717529296875	0.27837181091308594	-10.347967147827148	-12.357595443725586	12.3081636428833	0.5085790157318115	9	0.6670970294625931
0.0	3918.6875255479026	-25.015804290771484	2.4988651275634766	-2.5890774726867676	5.658252716064453	6.03148078918457	4.664298057556152	184	0.6629375893395479
0.0	3925.2921416912523	-18.09912109375	-0.5870897769927979	-1.8148938417434692	-6.020010948181152	2.432387351989746	0.08937418460845947	11	0.6604616143349833
0.0	3931.8843310469115	-12.41726303100586	-2.2980289459228516	5.361407279968262	0.2158489227294922	-2.1497392654418945	3.469082832336426	187	0.659218935565941
0.0	3938.457450147431	-21.240116119384766	14.534616470336914	13.469573974609375	-7.651158809661865	-6.064804553985596	7.558030128479004	16	0.6573119100519289
0.0	3945.017937306087	-23.932361602783203	32.649513244628906	0.16227316856384277	11.170490264892578	-1.6150978803634644	2.304197072982788	188	0.6560487158656098
0.0	3951.569956281335	-36.67084884643555	33.61563491821289	-33.665077209472656	-9.984477996826172	45.04350662231445	8.040681838989258	27	0.6552018975248279
0.0	3958.124677683133	-39.868099212646484	32.1099853515625	-52.70569610595703	30.75783920288086	49.58454132080078	2.0430898666381836	188	0.6554721401797722
0.0	3964.6916581564205	-38.18402862548828	4.74583625793457	-69.30816650390625	-7.179478645324707	68.92874145507812	-5.941052436828613	20	0.6566980473287394
0.0	3971.2248089426944	-41.396949768066406	-4.308187484741211	-55.17402648925781	24.233980178833008	58.65073776245117	6.150471210479736	183	0.6533150786273975
0.0	3977.781683320967	-68.66316986083984	20.608245849609375	-46.88017272949219	-22.442153930664062	53.91127395629883	2.6619527339935303	8	0.6556874378272823
0.0	3984.304730625864	-79.66490936279297	33.50340270996094	-76.17089080810547	47.737972259521484	77.21858215332031	8.524868965148926	190	0.6523047304896892
0.0	3990.838726381202	-61.18907928466797	-4.872081756591797	-97.61061096191406	-13.024869918823242	94.00334167480469	-10.051481246948242	39	0.6533995755337669
0.0	3997.3763269959786	-43.42464065551758	-19.371082305908203	-83.73991394042969	30.056659698486328	88.98888397216797	5.469409942626953	196	0.6537600614776726
0.0	4003.942796695668	-16.102989196777344	-13.382087707519531	-59.10896301269531	4.484662055969238	49.99454879760742	-14.270492553710938	41	0.6566469699689798
0.0	4010.481414258824	-13.462355613708496	0.0968254804611206	-58.9588508605957	30.33858299255371	46.460540771484375	-11.998748779296875	214	0.6538617563155664
0.0	4017.022785076584	-30.273250579833984	13.00572395324707	-44.164703369140625	6.184450149536133	47.25838088989258	-7.757257461547852	89	0.6541370817760429
0.0	4023.556238062761	-36.78841781616211	21.11313247680664	-35.73318862915039	23.942224502563477	44.92677307128906	0.24139738082885742	224	0.6533452986176871
0.0	4030.0966480697316	-48.69878005981445	28.1943416595459	-17.709047317504883	-10.1000337600708	42.948280334472656	3.0974950790405273	111	0.6540410006970654
0.0	4036.659121083912	-47.14760971069336	40.8693733215332	5.367795467376709	-3.469930648803711	40.53556823730469	21.124074935913086	197	0.6562473014180383
0.0	4043.1912244525156	-29.13692855834961	42.449462890625	9.201332092285156	-8.965719223022461	30.561973571777344	21.951473236083984	130	0.6532103368603805
0.0	4049.7078491775337	-13.455545425415039	35.867801666259766	2.0960519313812256	13.234892845153809	23.029464721679688	18.329381942749023	223	0.6516624725018259
0.0	4056.215481534742	-12.551863670349121	20.546979904174805	-3.584625244140625	1.110846996307373	18.950902938842773	6.389057159423828	139	0.6507632357208345
0.0	4062.7315943411104	-8.889883041381836	16.203536987304688	-8.914178848266602	9.697690963745117	16.020153045654297	2.1186060905456543	209	0.6516112806368445
0.0	4069.1898368448897	-13.661218643188477	17.433198928833008	-23.334228515625	6.843097686767578	27.21966552734375	-7.264621257781982	126	0.6458242503779207
0.0	4075.6495064745905	-19.70559310913086	11.231292724609375	-35.46097946166992	15.660612106323242	27.241039276123047	-19.409196853637695	236	0.6459669629700978
0.0	4082.132494432052	-39.183067321777344	-3.761837959289551	-33.22175979614258	-13.735017776489258	23.58942985534668	-29.762121200561523	132	0.648298795746182
0.0	4088.598460667907	-45.74987030029297	-14.694768905639648	-28.360328674316406	-20.2860107421875	23.19173240661621	-33.421630859375	218	0.6465966235854992
0.0	4095.069886935885	-43.96136474609375	-15.877826690673828	-10.889772415161133	-31.94921875	6.584461212158203	-23.141128540039062	136	0.6471426267977638
0.0	4101.541454458011	-38.94194412231445	-12.272141456604004	-7.7315826416015625	-27.265716552734375	14.743767738342285	-18.5518798828125	220	0.6471567522125854
0.0	4108.076636355672	-32.056175231933594	-6.267712593078613	1.2818126678466797	-27.391700744628906	5.242531776428223	-9.251250267028809	153	0.6535181897661174
0.0	4114.634368194216	-25.240108489990234	-7.461103439331055	-2.900322198867798	-20.324382781982422	8.107155799865723	-11.05708122253418	244	0.6557731838543907
0.0	4121.190743384412	-26.414592742919922	-9.731481552124023	2.0344982147216797	-25.978248596191406	-1.2827272415161133	-8.394519805908203	149	0.6556375190195052
0.0	4127.764139074143	-17.641027450561523	-19.71126937866211	5.591163635253906	-24.86164093017578	-9.727602005004883	-3.537602424621582	262	0.6573395689731358
0.0	4134.393944637604	-7.541250705718994	-27.06736183166504	-6.548340320587158	-10.804372787475586	-22.725025177001953	-12.186481475830078	162	0.6629805563461211
0.0	4141.059244480999	-7.049566745758057	-24.200510025024414	-27.319530487060547	-7.078707218170166	-21.290847778320312	-28.73357391357422	270	0.6665299843394645
0.0	4147.709475023468	-20.095077514648438	-7.0206708908081055	-25.99234390258789	-14.813405990600586	-2.4346017837524414	-29.307085037231445	173	0.6650230542468852
0.0	4154.372218760573	-22.770130157470703	-4.623238563537598	-17.234268188476562	-22.1444034576416	-3.3852477073669434	-18.278919219970703	279	0.6662743737104526
0.0	4161.061784674285	-0.8470404148101807	6.777115821838379	-20.731460571289062	1.6205835342407227	6.982898235321045	-20.50770378112793	192	0.6689565913712284
0.0	4167.770797910593	9.230246543884277	26.572952270507812	-25.52090072631836	7.335942268371582	27.0941219329834	-25.552520751953125	237	0.6709013236307536
0.0	4174.443212854548	6.498349189758301	28.000869750976562	-1.8130335807800293	7.941561222076416	27.595951080322266	-1.1170883178710938	194	0.6672414943955001
0.0	4181.139507823198	9.694915771484375	4.623301029205322	-5.26487922668457	8.886528968811035	5.529031753540039	-5.749725341796875	286	0.6696294968650166
0.0	4187.861541490086	9.73503303527832	8.789959907531738	-32.906673431396484	10.580124855041504	8.653611183166504	-32.67269515991211	195	0.6722033666888071
0.0	4194.594382445086	4.774349212646484	21.830265045166016	-34.62302017211914	-1.1661577224731445	23.236595153808594	-33.76261901855469	264	0.6732840955000408
0.0	4201.325724789072	-8.881763458251953	34.732120513916016	-17.708711624145508	-8.865087509155273	34.73444747924805	-17.71249008178711	197	0.6731342343986336
0.0	4208.069566761348	-22.21269989013672	20.20054817199707	6.307831764221191	-24.22071647644043	15.165777206420898	10.965813636779785	274	0.674384197227585
0.0	4214.834606512285	-25.723981857299805	-14.303096771240234	-3.1631150245666504	-25.299917221069336	-15.24886417388916	-1.598264217376709	199	0.6765039750936501
0.0	4221.650240680317	-38.54557800292969	-20.4941349029541	-47.743778228759766	-41.87305450439453	-24.118839263916016	-40.612056732177734	239	0.6815634168032499
0.0	4228.46042741551	-60.851905822753906	18.186481475830078	-63.60344696044922	-66.68931579589844	15.633966445922852	-57.99787902832031	211	0.6810186735192623
0.0	4235.290570878424	-64.71137237548828	44.415462493896484	-45.14460754394531	-80.51651763916016	31.05802345275879	-26.750389099121094	271	0.6830143462914214
0.0	4242.160955924868	-49.873512268066406	37.667537689208984	-2.1776647567749023	-51.20517349243164	35.84429168701172	0.9161043167114258	203	0.6870385046444073
0.0	4249.014758801974	-36.37627029418945	7.0496063232421875	2.4071624279022217	-35.90289306640625	-0.9675731658935547	8.814260482788086	250	0.6853802877105375
0.0	4255.865009614694	-25.85986328125	1.6983819007873535	-19.01699447631836	-26.75897789001465	1.0133819580078125	-17.762187957763672	201	0.6850250812719941
0.0	4262.707659679398	-20.053367614746094	9.847432136535645	-28.902782440185547	-25.79157829284668	7.795769214630127	-24.30545997619629	231	0.6842650064703658
0.0	4269.533166564068	-17.475141525268555	20.761823654174805	-25.74604034423828	-18.584903717041016	20.456867218017578	-25.19062614440918	205	0.6825506884670275
0.0	4276.373837082394	-16.902748107910156	18.732505798339844	-12.32802677154541	-21.4747257232666	15.949682235717773	-8.360198020935059	263	0.6840670518326398
0.0	4283.190993198813	-9.123418807983398	-0.9974229335784912	-8.753050804138184	-9.416016578674316	-1.1934316158294678	-8.406014442443848	201	0.6817156116419418
0.0	4289.968409037314	-12.532050132751465	-16.829166412353516	-22.246509552001953	-12.486366271972656	-17.414703369140625	-21.408355712890625	274	0.6777415838501275
0.0	4296.734824055735	-21.642520904541016	2.5725936889648438	-49.94085693359375	-22.167024612426758	2.442211151123047	-49.714256286621094	200	0.6766415018420776
0.0	4303.469406195004	-21.8410587310791	23.017236709594727	-52.59587860107422	-31.311609268188477	21.520694732666016	-47.837806701660156	266	0.6734582139269272
0.0	4310.20066855244	-21.997337341308594	24.894832611083984	-34.6192741394043	-22.993122100830078	24.617080688476562	-34.15793228149414	197	0.6731262357436146
0.0	4316.944574689294	-20.88283348083496	8.055719375610352	-36.88154602050781	-25.30489158630371	6.617755889892578	-34.11643981933594	245	0.6743906136853882
0.0	4323.701036999825	-25.66205406188965	9.715024948120117	-43.69392776489258	-27.226194381713867	9.184917449951172	-42.831459045410156	200	0.6756462310531035
0.0	4330.467077694809	-31.661575317382812	9.531291961669922	-37.922698974609375	-36.709598541259766	6.4052839279174805	-33.56254196166992	267	0.6766040694983143
0.0	4337.279773536188	-34.73642349243164	-12.506800651550293	-31.966602325439453	-35.84224319458008	-13.506773948669434	-30.251384735107422	198	0.6812695841379635
0.0	4344.11676535712	-37.145057678222656	-27.759992599487305	-50.893157958984375	-38.2965202331543	-30.339466094970703	-48.05888366699219	286	0.6836991820932006
0.0	4350.970226100637	-40.71996307373047	-2.258695602416992	-62.868858337402344	-42.222679138183594	-2.8957042694091797	-61.82410430908203	195	0.6853460743516308
0.0	4357.8491490528595	-36.871543884277344	9.299819946289062	-47.34660720825195	-42.27883529663086	6.008519172668457	-42.93174743652344	282	0.6878922952222392
0.0	4364.709867166252	-23.294883728027344	3.11814022064209	-22.99176788330078	-24.01378631591797	2.6755776405334473	-22.287723541259766	196	0.6860718113392151
0.0	4371.602429180934	-9.312902450561523	-11.70611572265625	-22.502178192138672	-10.046652793884277	-11.916010856628418	-21.778915405273438	287	0.6892562014682576
0.0	4378.509523405446	12.151679992675781	6.230572700500488	-35.28246307373047	10.756775856018066	6.5061492919921875	-35.660247802734375	198	0.6907094224511345
0.0	4385.410165320106	11.670598983764648	13.522207260131836	-28.61334228515625	5.791576385498047	16.000558853149414	-28.751937866210938	233	0.6900641914659722
0.0	4392.314070345381	-9.83957290649414	28.000335693359375	-30.907649993896484	-12.119060516357422	27.71593475341797	-30.29059410095215	203	0.6903905025274559
0.0	4399.213650627524	-25.970447540283203	37.73771667480469	-14.122481346130371	-33.45646667480469	33.266319274902344	-7.777730941772461	243	0.6899580282142966
0.0	4406.08158995628	-27.30963134765625	27.647785186767578	13.538448333740234	-27.549272537231445	26.04511260986328	15.830835342407227	198	0.6867939328756887
0.0	4412.932540441943	-22.968820571899414	-0.0523681640625	15.869806289672852	-20.113300323486328	-4.797190189361572	18.469261169433594	281	0.6850950485663344
0.0	4419.788104735947	-14.470345497131348	-7.444360733032227	-3.5833206176757812	-14.381900787353516	-7.89978551864624	-2.8630385398864746	199	0.6855564294003511
0.0	4426.654228203147	-17.940330505371094	-7.528215408325195	-4.903073310852051	-17.073101043701172	-9.856985092163086	-3.1828601360321045	262	0.6866123467199612
0.0	4433.513057162216	-13.697517395019531	-15.785321235656738	-2.794250011444092	-12.630242347717285	-16.692825317382812	-1.558032512664795	198	0.6858828959068581
0.0	4440.332200257393	-5.7981767654418945	-16.34566879272461	-23.75679588317871	-5.764261245727539	-13.389063835144043	-23.897441864013672	245	0.6819143095177326
0.0	4447.090955820468	-5.237396717071533	5.440622329711914	-27.42554473876953	-15.299763679504395	6.9543986320495605	-21.40752410888672	218	0.6758755563074625
0.0	4453.84134422298	-8.60678768157959	10.244053840637207	-24.427427291870117	-20.82750701904297	10.24057388305664	-12.275091171264648	99	0.6750388402512766
0.0	4460.569080278582	-7.792605400085449	9.222935676574707	-10.284615516662598	-13.602457046508789	7.922995090484619	-1.3323854207992554	242	0.6727736055601815
0.0	4467.280431095859	-21.12820053100586	5.168299198150635	-2.733492136001587	-12.484196662902832	-9.089017868041992	-3.224562644958496	119	0.6711350817277003
0.0	4473.972774397458	-47.142765045166016	-8.490913391113281	-14.990059852600098	-37.984779357910156	-15.008567810058594	-3.7060441970825195	252	0.6692343301599083
0.0	4480.616138043591	-60.028648376464844	-15.118202209472656	-51.265419006347656	-32.15049743652344	-9.147214889526367	-44.76775360107422	128	0.6643363646132505
0.0	4487.239863950971	-37.18387222290039	-6.497441291809082	-78.5181655883789	-60.85794448852539	19.637832641601562	-40.730777740478516	254	0.66237259073804
0.0	4493.822516160914	-12.38779067993164	0.9640655517578125	-75.74915313720703	-32.65987014770508	42.64103317260742	-35.79814910888672	142	0.6582652209942962
0.0	4500.4082568202675	-3.6262474060058594	6.140046119689941	-46.192100524902344	-25.729019165039062	24.58318328857422	-22.8928279876709	259	0.6585740659353022
0.0	4507.006833188532	-16.691436767578125	-5.980762481689453	-33.48487854003906	-14.594295501708984	11.555654525756836	-20.361177444458008	160	0.6598576368264512
0.0	4513.639805301954	-12.831839561462402	-17.97374153137207	-41.563392639160156	-22.524518966674805	2.590092658996582	-30.035240173339844	260	0.6632972113421461
0.0	4520.288940807553	-8.630171775817871	-27.316303253173828	-38.60749053955078	-0.958775520324707	11.61257553100586	-30.58942985534668	122	0.6649135505599466
0.0	4526.940313456078	-5.478154182434082	-36.57643508911133	-32.47329330444336	-7.626113414764404	-9.548215866088867	-33.65815734863281	260	0.6651372648524386
0.0	4533.595751778261	-3.0925188064575195	-37.88217544555664	-16.448089599609375	14.903249740600586	1.8806045055389404	-20.436614990234375	142	0.6655438322182781
0.0	4540.263686251756	-17.299091339111328	-31.624170303344727	11.055717468261719	4.138707160949707	-29.539846420288086	-9.489036560058594	270	0.6667934473494627
0.0	4546.93531790544	-36.1780891418457	-21.265344619750977	15.81460952758789	14.387687683105469	-27.894996643066406	-11.894097328186035	162	0.6671631653684125
0.0	4553.579410714661	-46.65617370605469	-15.830700874328613	10.163785934448242	-14.187349319458008	-23.942729949951172	-4.94858980178833	297	0.664409280922176
0.0	4560.247326954781	-54.10663604736328	-0.734795093536377	-0.1494700312614441	9.381023406982422	-7.679598808288574	-7.157792091369629	170	0.6667916240119693
0.0	4566.941421064497	-54.072364807128906	-1.9437255859375	-22.312881469726562	-25.358243942260742	14.266054153442383	-5.118442535400391	315	0.6694094109716013
0.0	4573.619240161372	-50.73541259765625	-9.727977752685547	-28.63190269470215	6.06163215637207	28.54509162902832	0.44366133213043213	165	0.6677819096873927
0.0	4580.260261077022	-46.80960464477539	-12.442686080932617	-22.885055541992188	-19.93132972717285	14.499876976013184	-8.099180221557617	336	0.6641020915649747
0.0	4586.868117601347	-45.84817886352539	-5.886648178100586	-20.191226959228516	12.214264869689941	23.015684127807617	4.712009429931641	177	0.6607856524325503
0.0	4593.46779241206	-45.31279754638672	-4.376560688018799	-22.40042495727539	-18.806747436523438	17.99810218811035	-5.100719928741455	345	0.6599674810712707
0.0	4600.075982630322	-46.88591003417969	-5.206789016723633	-12.907245635986328	10.61116886138916	17.43907928466797	6.352668762207031	180	0.6608190218262403
0.0	4606.658857466854	-53.53889465332031	17.030120849609375	-0.4568758010864258	-18.144786834716797	7.373719215393066	6.19391393661499	10	0.6582874836531996
0.0	4613.232622832056	-56.0467414855957	39.85817337036133	-21.528074264526367	14.857776641845703	25.08639907836914	6.448710918426514	175	0.6573765365202614
0.0	4619.827247585281	-64.07500457763672	34.26674270629883	-62.57136535644531	-26.910253524780273	71.669677734375	2.845127582550049	355	0.6594624753224678
0.0	4626.413674965611	-66.01258850097656	10.728989601135254	-87.23344421386719	38.12617492675781	89.09390258789062	7.040785312652588	181	0.658642738033022
0.0	4632.979714275975	-65.84481048583984	-22.116065979003906	-75.40140533447266	-28.376827239990234	58.323509216308594	-23.038724899291992	3	0.6566039310364249
0.0	4639.552766475308	-70.32207489013672	-30.680580139160156	-53.5329475402832	22.825843811035156	62.704010009765625	11.791065216064453	180	0.6573052199332389
0.0	4646.128420887349	-69.47711181640625	-17.423568725585938	-27.593734741210938	-25.948835372924805	19.16832733154297	-10.020234107971191	356	0.6575654412041183
0.0	4652.709014527831	-67.85954284667969	0.6250286102294922	-17.230077743530273	16.336990356445312	23.505319595336914	9.339893341064453	178	0.6580593640481426
0.0	4659.287152805135	-69.87503814697266	18.61789321899414	-27.971147537231445	-28.540374755859375	33.530677795410156	3.1723780632019043	351	0.6578138277303678
0.0	4665.858122065439	-63.5522346496582	25.15293312072754	-46.784271240234375	20.0164852142334	51.092193603515625	7.284637928009033	168	0.6570969260303757
0.0	4672.417290985274	-39.66845703125	26.948619842529297	-55.352935791015625	-13.754447937011719	61.891021728515625	2.4391794204711914	355	0.6559168919835375
0.0	4678.981439784038	-28.060882568359375	34.674468994140625	-66.74866485595703	27.429418563842773	61.52133560180664	-1.1539125442504883	181	0.656414879876422
0.0	4685.539431829159	-16.633190155029297	30.52638053894043	-76.559326171875	-6.539455413818359	82.41646575927734	-0.680141270160675	355	0.6557992045121352
0.0	4692.108342478362	-15.473967552185059	22.088632583618164	-82.81946563720703	26.377304077148438	76.44979095458984	-3.556919574737549	180	0.656891064920311
0.0	4698.6840714333575	-16.058813095092773	13.077112197875977	-74.96112823486328	-8.341858863830566	73.55429077148438	-7.842667102813721	354	0.6575728954995947
0.0	4705.2693911276865	-20.952377319335938	1.8112716674804688	-70.62599182128906	19.98090171813965	69.23188781738281	0.6035254001617432	175	0.6585319694329217
0.0	4711.8205048359905	-20.485036849975586	-12.61155891418457	-54.41426086425781	-9.116183280944824	45.30399703979492	-12.58820915222168	349	0.6551113708304183
0.0	4718.365541301558	-19.010662078857422	-5.574693202972412	-39.777462005615234	12.865562438964844	40.466278076171875	1.8420257568359375	181	0.6545036465567229
0.0	4724.898699350575	-14.975798606872559	-1.1672534942626953	-32.94928741455078	-7.272703170776367	29.272720336914062	-6.1722612380981445	352	0.6533158049017318
0.0	4731.400960372947	-7.9805006980896	-2.4214818477630615	-29.503171920776367	8.042133331298828	29.230314254760742	0.40381357073783875	178	0.6502261022372633
0.0	4737.9177441262855	-0.21178510785102844	-1.3433313369750977	-15.773505210876465	-0.47090619802474976	14.088886260986328	-2.7233731746673584	347	0.6516783753338122
0.0	4744.451096786743	4.068899631500244	0.6481969356536865	-12.075410842895508	2.6210341453552246	11.133033752441406	-0.742900013923645	171	0.653335266045693
0.0	4750.989140351142	0.17097355425357819	-0.7547918558120728	6.888143539428711	0.11082162708044052	-6.658658981323242	0.7288007140159607	353	0.6538043564399202
0.0	4757.499177170683	-3.9324376583099365	15.420595169067383	23.485570907592773	-3.7825961112976074	-24.753572463989258	-1.024679183959961	180	0.6510036819541112
0.0	4764.016481165492	-19.13364601135254	44.29326629638672	9.428153991699219	-6.116171360015869	5.524786472320557	14.56103801727295	350	0.6517303994809823
0.0	4770.547748437383	-24.87591552734375	52.6949462890625	-21.724348068237305	13.254337310791016	13.086954116821289	-6.150502681732178	180	0.6531267271891096
0.0	4777.102628578308	-20.173717498779297	33.01725769042969	-59.562713623046875	-10.634950637817383	67.49806213378906	2.9389615058898926	352	0.6554880140925311
0.0	4783.702129965325	-12.283027648925781	6.079501628875732	-72.1085433959961	19.031652450561523	69.88314819335938	-0.2872158885002136	169	0.6599501387016837
0.0	4790.308562123489	-9.286261558532715	-11.438304901123047	-57.71204376220703	-6.179147243499756	48.29505920410156	-13.143803596496582	346	0.6606432158163136
0.0	4796.939903052501	-12.964012145996094	-8.468746185302734	-45.2448844909668	11.392422676086426	45.497982025146484	1.0804424285888672	177	0.6631340929012713
0.0	4803.573738328468	-20.570650100708008	7.862518787384033	-46.018489837646484	-10.575624465942383	45.29512405395508	-3.3181345462799072	333	0.6633835275966763
0.0	4810.223725719325	-23.354835510253906	14.249214172363281	-56.307472229003906	15.803567886352539	52.66243362426758	-2.5503883361816406	181	0.6649987390857024
0.0	4816.868612937929	-22.80298614501953	4.851106643676758	-73.68470764160156	-12.861785888671875	69.4397201538086	-9.220185279846191	344	0.6644887218604699
0.0	4823.5113012975535	-20.4820613861084	-12.644043922424316	-78.83366394042969	20.571184158325195	79.06756591796875	1.1125071048736572	184	0.6642688359624127
0.0	4830.138693146388	-17.401744842529297	-36.180259704589844	-44.39271545410156	-8.737784385681152	25.46451759338379	-20.817806243896484	350	0.6627391848833973
0.0	4836.7760151071025	-30.906295776367188	-28.75841522216797	-15.598999977111816	4.234381675720215	19.377534866333008	4.130763053894043	171	0.6637321960715051
0.0	4843.484533467121	-51.321922302246094	-6.98907995223999	-6.102843284606934	-20.3342227935791	2.447070837020874	-2.9456357955932617	345	0.6708518360017985
0.0	4850.198356672792	-64.51054382324219	4.8486785888671875	-13.003771781921387	15.121050834655762	17.864097595214844	7.360509395599365	189	0.6713823205671351
0.0	4856.923447795187	-73.30345916748047	8.589217185974121	-25.457279205322266	-24.553056716918945	32.5904426574707	3.4118165969848633	353	0.6725091122394881
0.0	4863.653015026584	-72.60444641113281	10.508035659790039	-27.591035842895508	22.95433235168457	45.26301574707031	20.083110809326172	204	0.6729567231397323
0.0	4870.377324615807	-63.57320022583008	9.521642684936523	-17.80965805053711	-20.482728958129883	31.733638763427734	4.634005546569824	37	0.6724309589222826
0.0	4877.089875555036	-51.740150451660156	11.072074890136719	7.8567914962768555	-2.2262210845947266	19.197683334350586	20.65752410888672	206	0.6712550939229185
0.0	4883.810733432948	-27.74193000793457	30.458805084228516	26.898794174194336	-14.952728271484375	1.8942188024520874	23.324758529663086	73	0.6720857877911433
0.0	4890.554024584929	-5.050850868225098	36.24900817871094	7.331634998321533	12.618609428405762	8.20612907409668	19.226608276367188	203	0.6743291151981324
0.0	4897.300068458211	-4.514705657958984	17.630271911621094	-7.57859468460083	5.4581170082092285	16.410255432128906	5.404952526092529	95	0.6746043873282412
0.0	4904.016992704475	-6.282284736633301	8.634164810180664	-12.672605514526367	10.345973014831543	12.43960189819336	-0.9535398483276367	230	0.671692424626427
0.0	4910.711997775041	-12.346338272094727	9.550830841064453	-14.795736312866211	1.5406317710876465	18.025737762451172	-4.349695205688477	113	0.6695005070565838
0.0	4917.400040540485	-14.075672149658203	9.44813346862793	-28.49060821533203	14.904397964477539	23.363859176635742	-10.87809944152832	223	0.6688042765443908
0.0	4924.090316800608	-27.80368423461914	-3.6404480934143066	-36.80641174316406	-2.9264345169067383	25.36925506591797	-24.924667358398438	119	0.6690276260122986
0.0	4930.81851429218	-34.652034759521484	-15.610145568847656	-36.1654052734375	-4.399962425231934	25.948841094970703	-29.302091598510742	224	0.6728197491571825
0.0	4937.556249757928	-42.66212844848633	-23.127798080444336	-23.476451873779297	-25.790109634399414	9.562156677246094	-30.468505859375	126	0.673773546574775
0.0	4944.296737735228	-38.50749969482422	-22.646305084228516	-11.318589210510254	-26.165935516357422	12.95455551147461	-21.418630599975586	208	0.6740487977300662
0.0	4951.0426311106385	-36.46379089355469	-16.396806716918945	-5.380224704742432	-27.56931495666504	3.396101951599121	-16.464635848999023	138	0.6745893375410905
0.0	4957.802012286698	-29.284881591796875	-12.269246101379395	-0.6507720947265625	-22.307498931884766	9.2381010055542	-9.783698081970215	210	0.6759381176060067
0.0	4964.548336678837	-26.865310668945312	-8.843552589416504	-0.9510025978088379	-20.920246124267578	3.359341621398926	-9.235692977905273	125	0.6746324392138051
0.0	4971.329366089052	-26.665800094604492	-8.018425941467285	2.0990149974823	-21.22174644470215	10.144380569458008	-6.173888683319092	248	0.6781029410215381
0.0	4978.116503139373	-17.980487823486328	-11.383432388305664	11.941781044006348	-22.83831024169922	-7.3585944175720215	0.21961283683776855	137	0.6787137050320794
0.0	4984.883892997688	-4.073760986328125	-21.673751831054688	8.334912300109863	-15.556844711303711	-16.994863510131836	1.256305456161499	272	0.6767389858315147
0.0	4991.647046151902	0.8796911239624023	-28.088272094726562	-15.512810707092285	-0.33789682388305664	-25.891254425048828	-17.500900268554688	178	0.6763153154213508
0.0	4998.375114123033	-7.243654251098633	-24.059673309326172	-30.01173973083496	-6.984463691711426	-22.75525665283203	-30.741817474365234	269	0.6728067971130869
0.0	5005.0522721439875	-17.865398406982422	-10.960265159606934	-23.280269622802734	-16.570457458496094	-9.719045639038086	-24.660146713256836	189	0.6677158020954228
0.0	5011.6949036168035	-22.05065155029297	-7.165899753570557	-12.16235065460205	-22.216299057006836	-8.26086711883545	-11.085489273071289	237	0.6642631472815658
0.0	5018.302250855056	-16.645721435546875	6.847232341766357	-11.639931678771973	-16.249099731445312	7.117779731750488	-12.026543617248535	196	0.6607347238252641
0.0	5024.83913776984	-15.098176002502441	17.204116821289062	-7.858854293823242	-17.155168533325195	15.856729507446289	-6.251204967498779	292	0.6536886914784213
0.0	5031.378128158008	-18.02484703063965	12.983036041259766	10.162882804870605	-18.03948211669922	13.085251808166504	10.003460884094238	196	0.653899038816822
0.0	5037.874056107108	-16.18314552307129	-6.417964935302734	7.4231953620910645	-14.786054611206055	-8.160201072692871	8.44947624206543	280	0.6495927949100152
0.0	5044.331715639993	-14.795406341552734	-3.4578566551208496	-10.039346694946289	-14.692119598388672	-3.321458578109741	-10.234127044677734	208	0.6457659532884816
0.0	5050.775944106194	-19.6923770904541	-0.8071188926696777	-13.19038200378418	-19.751487731933594	-0.9057831764221191	-13.095063209533691	269	0.6444228466201977
0.0	5057.234846447673	-28.359161376953125	-3.483950614929199	-10.369007110595703	-28.02832794189453	-2.7599105834960938	-11.423952102661133	192	0.6458902341478672
0.0	5063.690075464224	-37.34737777709961	-12.726107597351074	-18.034120559692383	-37.4166259765625	-13.913064956665039	-16.96019744873047	252	0.6455229016551065
0.0	5070.214897942296	-44.298439025878906	-21.027931213378906	-19.987091064453125	-43.94935607910156	-19.50763702392578	-22.134777069091797	193	0.6524822478072478
0.0	5076.747950388347	-41.760169982910156	-39.451881408691406	-32.3868293762207	-41.25965881347656	-40.731868743896484	-31.374408721923828	269	0.6533052446050888
0.0	5083.32098645924	-65.26455688476562	-24.68828582763672	-72.24573516845703	-63.37372970581055	-23.072021484375	-74.38682556152344	192	0.6573036070893357
0.0	5089.96399883183	-79.02249145507812	22.32627296447754	-82.94725036621094	-83.76664733886719	18.81696319580078	-78.98751068115234	280	0.6643012372590194
0.0	5096.602690775693	-74.89413452148438	43.8878059387207	-37.5959587097168	-72.67901611328125	45.526180267333984	-39.87006759643555	195	0.6638691943862827
0.0	5103.2269288410935	-68.14960479736328	27.552324295043945	-10.497403144836426	-69.98588562011719	23.794084548950195	-7.021534442901611	274	0.6624238065400216
0.0	5109.812433628587	-39.82345199584961	0.8168740272521973	-5.285371780395508	-39.60460662841797	1.7111446857452393	-6.557894706726074	202	0.6585504787493702
0.0	5116.3941048100505	-32.001827239990234	-1.2781801223754883	-15.613834381103516	-32.414459228515625	-2.301698684692383	-14.602681159973145	244	0.6581671181463642
0.0	5122.961154013985	-27.253616333007812	8.915176391601562	-19.87627410888672	-25.807334899902344	9.944938659667969	-21.22952651977539	200	0.6567049203934521
0.0	5129.501360817051	-25.813865661621094	15.030043601989746	-18.809329986572266	-27.007455825805664	14.136077880859375	-17.786588668823242	272	0.6540206803066632
0.0	5136.017831399385	-24.963848114013672	14.438689231872559	-7.017221450805664	-24.510560989379883	14.876510620117188	-7.655540943145752	193	0.6516470582333505
0.0	5142.564616756838	-18.73249626159668	-0.759880542755127	-0.5181705951690674	-18.701480865478516	-1.4067893028259277	0.014590024948120117	273	0.6546785357453733
0.0	5149.0793177199475	-14.808833122253418	-20.407119750976562	-12.579345703125	-14.819576263427734	-19.61504554748535	-13.68239974975586	190	0.6514700963109215
0.0	5155.586765719385	-24.008243560791016	-17.12291717529297	-33.329368591308594	-24.333602905273438	-17.74956512451172	-32.74052810668945	284	0.6507447999437393
0.0	5162.09919506383	-30.824661254882812	14.489692687988281	-50.194278717041016	-28.064250946044922	15.579170227050781	-51.411216735839844	197	0.6512429344445515
0.0	5168.609236182887	-31.75889015197754	19.90302276611328	-39.87208557128906	-34.45838165283203	18.61440086364746	-38.177207946777344	261	0.6510041119057022
0.0	5175.184319244691	-22.797557830810547	5.708693504333496	-33.5151481628418	-20.60748863220215	6.696882247924805	-34.66954040527344	200	0.6575083061804101
0.0	5181.739095777385	-24.01116943359375	0.6705026626586914	-44.33108139038086	-24.894668579101562	0.2934131622314453	-43.83586883544922	285	0.6554776532694077
0.0	5188.336655022636	-33.26647186279297	4.511585235595703	-39.68487548828125	-30.19207191467285	6.2595319747924805	-41.741310119628906	190	0.6597559245250707
0.0	5194.954291503842	-33.444698333740234	-11.611756324768066	-33.8365592956543	-33.993003845214844	-12.54726791381836	-32.92400360107422	268	0.6617636481206436
0.0	5201.573940372038	-33.192481994628906	-30.259563446044922	-52.01118469238281	-31.961437225341797	-29.261137008666992	-53.2882080078125	189	0.6619648868195808
0.0	5208.186486538463	-38.90908432006836	-16.444639205932617	-72.87075805664062	-41.38229751586914	-17.72468376159668	-71.0956039428711	240	0.6612546166425538
0.0	5214.821781477553	-41.6590461730957	4.180498123168945	-56.88409423828125	-41.47355651855469	4.272392272949219	-57.01237487792969	193	0.6635294939089457
0.0	5221.430289382763	-36.220375061035156	6.497314453125	-35.39597702026367	-39.31053924560547	3.7326250076293945	-32.25922775268555	277	0.6608507905210151
0.0	5228.027048808988	-25.090158462524414	0.07765579223632812	-24.35187530517578	-24.388994216918945	0.5081338882446289	-25.039100646972656	201	0.659675942622579
0.0	5234.6584193312965	-13.908005714416504	-2.0343751907348633	-26.655223846435547	-15.581493377685547	-2.7351112365722656	-25.567386627197266	290	0.6631370522308285
0.0	5241.296809976338	-4.207192420959473	9.812043190002441	-11.177513122558594	-3.751734972000122	9.891406059265137	-11.262697219848633	194	0.6638390645042205
0.0	5247.983707429533	-2.133775234222412	1.0685447454452515	-13.816433906555176	-3.1608591079711914	1.1221686601638794	-13.57955265045166	260	0.6686897453194843
0.0	5254.611716966643	-20.252195358276367	12.477105140686035	-29.949909210205078	-20.26761817932129	12.471390724182129	-29.941852569580078	195	0.6628009537110751
0.0	5261.276073906875	-34.3366813659668	28.745616912841797	-16.712860107421875	-36.52989959716797	27.084733963012695	-14.669034004211426	232	0.666435694023187
0.0	5267.939867402257	-29.632726669311523	16.448776245117188	8.33458423614502	-29.396217346191406	17.530376434326172	6.72974967956543	197	0.6663793495381164
0.0	5274.599081172569	-20.73508644104004	-3.7690110206604004	6.554326057434082	-20.728391647338867	-3.7845776081085205	6.566519737243652	262	0.6659213770312065
0.0	5281.250936899253	-15.45317554473877	-9.448332786560059	-7.963959217071533	-15.292611122131348	-8.715410232543945	-9.006669998168945	191	0.6651855726684459
0.0	5287.927351069362	-24.508525848388672	-15.035516738891602	-11.551401138305664	-24.38877296447754	-15.642668724060059	-10.969674110412598	223	0.667641417010843
0.0	5294.616786116205	-23.672029495239258	-15.856353759765625	-13.132111549377441	-23.795419692993164	-16.942869186401367	-11.320698738098145	198	0.6689435046842703
0.0	5301.29865019735	-14.221796989440918	-13.748592376708984	-22.060665130615234	-14.114900588989258	-14.943355560302734	-20.15621566772461	340	0.6681864081145222
0.0	5307.957343130162	-10.197074890136719	4.795412063598633	-29.139806747436523	-19.568880081176758	5.2506303787231445	-22.42763328552246	222	0.6658692932812327
0.0	5314.559068340022	-10.073707580566406	12.434565544128418	-26.15453338623047	-22.302291870117188	11.725685119628906	-15.786375045776367	1	0.660172520986
0.0	5321.141708741378	-3.519373893737793	5.471286773681641	-6.241485118865967	-5.832939147949219	5.121742248535156	-4.348198413848877	226	0.6582640401355672
0.0	5327.6701532444085	-0.39789533615112305	-7.720486640930176	0.7464243769645691	2.452390670776367	-7.133652687072754	-1.0008728504180908	312	0.652844450302994
0.0	5334.162730168448	4.236904144287109	-22.72748565673828	-16.993438720703125	3.968776226043701	-21.88861083984375	-17.838794708251953	219	0.6492576924039576
0.0	5340.609303632793	-0.6928415298461914	-11.161781311035156	-38.054317474365234	-5.048037052154541	-7.54281759262085	-37.78370666503906	284	0.6446573464344527
0.0	5347.033280265654	-12.433695793151855	8.592222213745117	-25.592361450195312	-13.338007926940918	8.383466720581055	-25.191513061523438	203	0.642397663286142
0.0	5353.407948644128	-11.34791374206543	-7.171053409576416	-23.074535369873047	-12.623590469360352	-7.678341865539551	-22.068845748901367	287	0.637466837847355
0.0	5359.776340269889	-13.692276954650879	-9.222469329833984	-42.31083679199219	-12.776191711425781	-8.96249771118164	-42.63783264160156	195	0.6368391625761602
0.0	5366.123603398706	-14.04699420928955	0.045963287353515625	-46.75662612915039	-16.463823318481445	-0.18015384674072266	-45.89113998413086	282	0.6347263128816729
0.0	5372.4830754882805	-9.747285842895508	-11.091796875	-37.94450378417969	-7.381124496459961	-10.297353744506836	-38.575687408447266	191	0.6359472089574665
0.0	5378.865700735129	-7.3363261222839355	-23.333585739135742	-63.71038055419922	-8.955371856689453	-23.062938690185547	-63.53426742553711	250	0.6382625246848885
0.0	5385.259272612564	-17.709331512451172	-10.617378234863281	-74.27576446533203	-12.28771686553955	-9.029382705688477	-75.32484436035156	196	0.6393571877435054
0.0	5391.686769045884	-22.549144744873047	12.483540534973145	-72.1180419921875	-26.61264991760254	11.984331130981445	-70.72013092041016	259	0.6427496433319462
0.0	5398.153423129326	-16.80156135559082	28.48648452758789	-42.59514617919922	-12.154169082641602	29.538251876831055	-43.26739501953125	189	0.6466654083442023
0.0	5404.620843807085	-11.70175552368164	24.680309295654297	-25.163536071777344	-14.533504486083984	24.153526306152344	-24.1246337890625	298	0.6467420677759478
0.0	5411.155809089695	-4.515176773071289	4.298628807067871	-19.990413665771484	-3.711430549621582	4.446142673492432	-20.110065460205078	189	0.6534965282609602
0.0	5417.728715746084	-4.738609790802002	-3.9390687942504883	-34.254371643066406	-5.345485210418701	-3.9032678604125977	-34.161258697509766	273	0.657290665638863
0.0	5424.348605281079	-14.935562133789062	7.165700912475586	-52.005271911621094	-13.24742317199707	7.582677841186523	-52.37842559814453	190	0.6619889534994294
0.0	5431.007631074285	-18.742740631103516	15.219629287719727	-55.22244644165039	-22.596485137939453	14.618797302246094	-53.845550537109375	289	0.6659025793206945
0.0	5437.675454989582	-22.077625274658203	8.510641098022461	-33.90936279296875	-21.355667114257812	8.818563461303711	-34.28486251831055	198	0.6667823915296823
0.0	5444.386958545684	-12.152595520019531	-0.5727617740631104	-16.6447696685791	-13.301385879516602	-1.2455484867095947	-15.65359878540039	233	0.6711503556102146
0.0	5451.15841776468	1.1643812656402588	-0.18951797485351562	-12.987518310546875	1.475048303604126	-0.19202470779418945	-12.952070236206055	199	0.6771459218995851
0.0	5457.922668478823	3.967702627182007	-9.237420082092285	-11.659475326538086	3.9308297634124756	-8.71498966217041	-12.03470230102539	293	0.6764250714142765
0.0	5464.682233330303	-0.7347289323806763	-22.981853485107422	-25.00994300842285	-0.41299939155578613	-22.918567657470703	-25.047327041625977	192	0.6759564851480017
0.0	5471.488961355171	-14.059402465820312	-29.82587432861328	-47.896793365478516	-14.608814239501953	-29.96803855895996	-47.49149703979492	298	0.6806728024869071
0.0	5478.28738039247	-36.403656005859375	-8.604772567749023	-63.34431838989258	-34.66827392578125	-7.783287048339844	-64.38634490966797	193	0.679841903729942
0.0	5485.110027636151	-39.42750549316406	10.306767463684082	-59.67805480957031	-44.18210220336914	8.282159805297852	-56.4349479675293	229	0.6822647243681242
0.0	5491.9100036638065	-33.568153381347656	33.32781219482422	-33.01884460449219	-31.863529205322266	34.04948043823242	-33.92508316040039	199	0.6799976027655469
0.0	5498.721708186238	-21.244483947753906	36.74568176269531	4.014240264892578	-23.80600357055664	34.757347106933594	6.224059104919434	256	0.6811704522431705
0.0	5505.51179833576	-3.6397104263305664	18.265151977539062	26.900362014770508	-4.088568687438965	18.27739906311035	26.808990478515625	196	0.6790090149522696
0.0	5512.245914983774	1.8442665338516235	0.40325450897216797	21.684898376464844	2.8914904594421387	0.25134897232055664	21.54421043395996	296	0.6734116648013522
0.0	5518.938058118781	7.742019176483154	-13.32301139831543	-7.246068954467773	7.702203750610352	-13.419490814208984	-7.102684020996094	191	0.66921431350061
0.0	5525.618618122064	-3.710602283477783	-13.550382614135742	-38.17845916748047	-4.752475738525391	-13.269047737121582	-38.10553741455078	282	0.66805600032829
0.0	5532.31827982189	-17.70238494873047	8.980628967285156	-49.28977966308594	-16.622865676879883	9.244173049926758	-49.6061897277832	191	0.6699661699826919
0.0	5538.981843931541	-15.699553489685059	27.33528709411621	-37.7041130065918	-19.640625	26.661712646484375	-36.22645568847656	246	0.6663564109650573
0.0	5545.620402710961	-8.758010864257812	30.595056533813477	-17.41596221923828	-7.581514358520508	30.781721115112305	-17.603557586669922	190	0.6638558779419758
0.0	5552.23744009472	-3.5004096031188965	23.844881057739258	-3.3252761363983154	-4.256720542907715	23.743513107299805	-3.1057846546173096	250	0.6617037383759503
0.0	5558.858472876356	-5.258045196533203	16.213659286499023	2.896852970123291	-4.835689544677734	16.351118087768555	2.722804546356201	196	0.6621032781635812
0.0	5565.458258942187	-4.102160453796387	9.967899322509766	4.866958141326904	-4.376617908477783	9.70556354522705	5.133203983306885	282	0.6599786065830686
0.0	5572.081349028173	11.109201431274414	14.682916641235352	-2.6389389038085938	11.4137544631958	14.494644165039062	-2.341191053390503	189	0.6623090085985525
0.0	5578.746545269212	18.185279846191406	8.30716609954834	-8.426192283630371	17.00375747680664	9.660970687866211	-9.339383125305176	248	0.6665196241039351
0.0	5585.435278393397	14.589746475219727	7.09477424621582	-9.37225341796875	14.927803039550781	6.8651509284973145	-8.99970817565918	192	0.6688733124184794
0.0	5592.140022820941	12.827176094055176	4.244779586791992	-2.9712741374969482	12.563641548156738	4.718017578125	-3.3486413955688477	258	0.6704744427543925
0.0	5598.823103922114	10.108302116394043	-12.520051956176758	-0.1350536346435547	9.720464706420898	-12.80785846710205	0.23511314392089844	193	0.6683081101172405
0.0	5605.546947110081	5.450307846069336	-17.079694747924805	-13.878143310546875	5.7207441329956055	-16.656461715698242	-14.252132415771484	276	0.6723843187968
0.0	5612.265808314237	-3.4775331020355225	-2.1155834197998047	-27.401464462280273	-3.2602756023406982	-2.0805931091308594	-27.42987060546875	190	0.6718861204155215
0.0	5618.959907924218	-8.899885177612305	0.7566018104553223	-30.369659423828125	-10.313995361328125	0.5631847381591797	-29.889833450317383	294	0.6694099609981206
0.0	5625.637781756557	-31.116952896118164	7.6782546043396	-20.206525802612305	-32.165958404541016	6.44830322265625	-18.94093894958496	247	0.6677873832338979
0.0	5632.36343025952	-34.55180740356445	1.5848751068115234	-21.956226348876953	-35.80085754394531	0.11945772171020508	-19.883686065673828	186	0.6725648502962758
0.0	5639.084551407824	-40.34979248046875	-1.5747795104980469	-30.058988571166992	-43.43323516845703	-11.524862289428711	-20.977996826171875	2	0.6721121148303425
0.0	5645.810345058614	-40.9481201171875	15.710419654846191	-39.52345275878906	-54.96078872680664	7.517243385314941	-18.275226593017578	215	0.6725793650790705
0.0	5652.516424158958	-33.98328399658203	28.40858268737793	-38.99974822998047	-51.97013854980469	11.650747299194336	-13.505468368530273	88	0.6706079100344227
0.0	5659.202248997419	-22.259674072265625	22.994834899902344	-22.18559455871582	-34.435333251953125	17.824480056762695	-0.42935705184936523	245	0.6685824838460231
0.0	5665.923777546595	-28.50668716430664	16.242467880249023	-18.379209518432617	-28.5382080078125	1.0179252624511719	-6.7740044593811035	86	0.672152854917675
0.0	5672.636877698481	-35.66893005371094	12.829922676086426	-17.579442977905273	-38.28795623779297	5.509574890136719	2.180037498474121	255	0.6713100151885218
0.0	5679.3792721416385	-41.61463928222656	17.546632766723633	-24.007587432861328	-35.88841247558594	-3.6626224517822266	-12.460003852844238	96	0.674239444315709
0.0	5686.123245358252	-38.98643493652344	29.29766082763672	-26.719364166259766	-49.18566131591797	19.921958923339844	3.853976249694824	260	0.6743973216613247
0.0	5692.887984943722	-35.890018463134766	36.916744232177734	-27.21993064880371	-45.57827377319336	10.332674026489258	-4.435091018676758	73	0.6764739585470013
0.0	5699.629251904445	-44.36249542236328	29.28000259399414	-10.65661334991455	-46.81927490234375	13.076665878295898	15.120187759399414	258	0.6741266960722876
0.0	5706.358936045366	-64.21468353271484	9.877143859863281	-17.49631690979004	-38.5479736328125	-23.394676208496094	-17.231794357299805	80	0.6729684140921536
0.0	5713.046825245972	-56.364646911621094	7.078294277191162	-47.514774322509766	-65.53153228759766	6.8009490966796875	-15.561619758605957	258	0.6687889200605719
0.0	5719.68522672529	-46.565792083740234	25.171276092529297	-61.23173141479492	-60.774024963378906	24.561870574951172	-22.497623443603516	283	0.6638401479317744
0.0	5726.331962851421	-47.87963104248047	34.00139236450195	-54.94158935546875	-71.19644165039062	30.221904754638672	-9.939483642578125	256	0.6646736126131235
0.0	5732.948201830777	-30.032140731811523	14.693446159362793	-45.13123321533203	-46.935752868652344	19.97185516357422	-15.606840133666992	258	0.6616238979356384
0.0	5739.520994565836	-19.194704055786133	-6.625185012817383	-40.505043029785156	-19.32656478881836	10.095890998840332	-27.22308921813965	82	0.6572792735058993
0.0	5746.0383646096625	-15.769227981567383	-9.823646545410156	-36.96228790283203	-25.40378761291504	2.44305419921875	-24.347454071044922	254	0.6517370043826395
0.0	5752.548890425656	-20.197946548461914	-10.794977188110352	-38.221065521240234	-16.467620849609375	5.871916770935059	-28.501577377319336	86	0.6510525815993823
0.0	5759.039584557253	-16.896883010864258	-20.451141357421875	-51.71476364135742	-30.047826766967773	2.1817541122436523	-36.375736236572266	253	0.6490694131596659
0.0	5765.464284713722	1.5787200927734375	-21.839683532714844	-55.399654388427734	-9.737156867980957	27.202987670898438	-34.28007125854492	284	0.6424700156469172
0.0	5771.9043208864305	4.737419128417969	-16.737720489501953	-41.360206604003906	-10.251693725585938	6.113286972045898	-34.2119026184082	260	0.6440036172708326
0.0	5778.376028825971	3.820873498916626	-13.159272193908691	-32.28255081176758	-3.374481201171875	17.61294174194336	-19.784866333007812	84	0.6471707939540039
0.0	5784.887600838659	2.545757532119751	-17.52604103088379	-12.900457382202148	1.320021629333496	-6.784061431884766	-16.261432647705078	258	0.6511572012687977
0.0	5791.406346569586	-13.409637451171875	-24.950773239135742	-3.160490036010742	7.577995777130127	-15.780099868774414	-15.604971885681152	97	0.6518745730927782
0.0	5797.945586208724	-34.753021240234375	-29.18867301940918	-12.105868339538574	-18.455915451049805	-24.251445770263672	-14.90375804901123	256	0.6539239639138387
0.0	5804.531150805708	-43.966739654541016	-32.07863235473633	-31.88505744934082	-8.693514823913574	-6.374789237976074	-33.09621810913086	197	0.6585564596983742
0.0	5811.189117843999	-45.55428695678711	-32.9557991027832	-38.0045280456543	-25.843719482421875	2.325190782546997	-25.191631317138672	275	0.6657967038290302
0.0	5817.872147907321	-48.94670867919922	-36.076446533203125	-40.03365707397461	14.744653701782227	30.4504451751709	-12.832757949829102	167	0.6683030063322042
0.0	5824.5451997440605	-61.67631912231445	-27.692068099975586	-37.763057708740234	-27.973230361938477	17.20761489868164	-17.23595428466797	321	0.6673051836739807
0.0	5831.255851933414	-55.006431579589844	-23.079214096069336	-30.361629486083984	13.07949161529541	32.27226638793945	3.132019281387329	173	0.6710652189353744
0.0	5837.926990166086	-57.336944580078125	4.107071399688721	-10.691915512084961	-22.852380752563477	7.886491775512695	-1.583754301071167	347	0.667113823267206
0.0	5844.556072463025	-44.65733337402344	27.496044158935547	-14.885622024536133	10.768914222717285	10.477046012878418	-2.476836919784546	167	0.6629082296938741
0.0	5851.1823499182465	-31.6470947265625	17.97447967529297	-15.532214164733887	-13.275925636291504	20.004478454589844	3.6570520401000977	346	0.6626277455221387
0.0	5857.815607580061	-29.101837158203125	17.98781967163086	-10.387136459350586	7.594849586486816	7.371865749359131	-1.7423971891403198	172	0.663325766181414
0.0	5864.4225093140685	-23.74378776550293	16.125259399414062	-21.601110458374023	-9.787680625915527	25.230493545532227	2.16754150390625	0	0.6606901734008191
0.0	5871.0040299652765	-20.677223205566406	5.841862678527832	-43.22988510131836	10.582024574279785	41.214412689208984	-1.0436135530471802	163	0.6581520651208157
0.0	5877.570713805298	-14.459291458129883	-20.46092414855957	-50.61393356323242	-8.631641387939453	37.45777893066406	-15.67078971862793	351	0.656668384002131
0.0	5884.114167747617	-27.710222244262695	-19.811399459838867	-36.70404052734375	3.8404769897460938	35.448612213134766	-1.1178330183029175	110	0.6543453942319175
0.0	5890.648018712518	-32.388240814208984	-14.889798164367676	-29.534738540649414	-14.31488037109375	20.275043487548828	-11.73252010345459	4	0.6533850964900862
0.0	5897.173497117283	-43.660194396972656	16.018901824951172	-22.3353214263916	11.06115436553955	21.48309898376465	0.8331064581871033	170	0.6525478404764657
0.0	5903.690482120974	-37.7572021484375	22.28236961364746	-38.37929916381836	-16.34358024597168	42.227928161621094	1.1467559337615967	353	0.6516985003690662
0.0	5910.216960747848	-39.9290885925293	19.49853515625	-50.399356842041016	16.253610610961914	46.66920471191406	-1.9316844940185547	170	0.6526478626874154
0.0	5916.724886089774	-31.86248779296875	9.195385932922363	-64.87844848632812	-15.606689453125	62.27348709106445	-6.289355278015137	348	0.6507925341925866
0.0	5923.196764392025	-25.34769630432129	2.78147554397583	-67.01057434082031	14.040644645690918	64.85557556152344	-1.1668081283569336	163	0.6471878302251043
0.0	5929.626742433206	-21.43194580078125	-4.706565856933594	-62.93667221069336	-11.049575805664062	56.957767486572266	-8.486860275268555	342	0.6429978041181228
0.0	5936.0790055888865	-19.93279266357422	-10.138884544372559	-55.25720977783203	13.767616271972656	55.258811950683594	0.6706228852272034	173	0.6452263155679745
0.0	5942.487929639055	-25.411041259765625	-5.980439186096191	-34.0255012512207	-11.572351455688477	28.064350128173828	-7.277579307556152	351	0.640892405016923
0.0	5948.8999634435395	-27.247650146484375	3.8946142196655273	-37.634254455566406	11.860486030578613	35.9697265625	-0.5515906810760498	174	0.6412033804484053
0.0	5955.3377148953105	-23.190780639648438	-3.521486282348633	-40.749488830566406	-10.408426284790039	35.80862808227539	-6.740948677062988	344	0.6437751451771054
0.0	5961.791158980251	-24.739042282104492	-3.9844305515289307	-32.79230499267578	9.424803733825684	32.30306625366211	0.2814975380897522	172	0.6453444084939887
0.0	5968.289313711696	-32.18830490112305	-3.1508474349975586	-42.851104736328125	-14.02541732788086	37.7548828125	-6.766310214996338	343	0.6498154731445929
0.0	5974.830542021784	-29.9683895111084	-16.58925437927246	-48.453983306884766	10.946287155151367	49.45915985107422	2.029628038406372	157	0.6541228310087285
0.0	5981.38447299757	-26.457029342651367	-17.849960327148438	-40.30244445800781	-11.055157661437988	29.853748321533203	-11.827390670776367	345	0.6553930975786352
0.0	5987.968047137005	-26.896825790405273	-11.347244262695312	-33.90242004394531	5.800451755523682	33.61423873901367	0.156051903963089	149	0.6583574139434958
0.0	5994.626360093023	-28.371463775634766	-6.098094940185547	-33.400611877441406	-13.614177703857422	26.74675941467285	-7.359525680541992	344	0.6658312956018781
0.0	6001.29569135094	-27.371793746948242	-10.099205017089844	-34.732059478759766	9.00283432006836	33.819217681884766	-0.45350146293640137	167	0.6669331257916727
0.0	6007.990837798991	-25.448415756225586	-17.111997604370117	-16.299556732177734	-9.79566478729248	7.501047611236572	-8.43363094329834	338	0.6695146448051454
0.0	6014.715313107397	-33.386436462402344	-8.132229804992676	4.041878700256348	5.478609085083008	-4.440769672393799	0.4777662754058838	168	0.6724475308405824
0.0	6021.429991046654	-48.328433990478516	9.505216598510742	-0.8697195053100586	-16.531709671020508	2.012772560119629	2.4974758625030518	335	0.6714677939257115
0.0	6028.1382170129455	-51.477718353271484	17.914710998535156	-17.353546142578125	14.61948013305664	13.483474731445312	-1.8104281425476074	178	0.6708225966291248
0.0	6034.860071251649	-42.442237854003906	3.8195266723632812	-35.14567184448242	-14.449549674987793	35.6337776184082	-1.693154215812683	348	0.672185423870341
0.0	6041.546718472234	-39.43123245239258	-2.616305351257324	-37.18134307861328	19.73513412475586	43.371192932128906	7.956402778625488	194	0.6686647220584755
0.0	6048.2480810982615	-28.171627044677734	-7.083173751831055	-34.37397384643555	-6.052974224090576	31.91809844970703	-6.890254974365234	50	0.6701362626027979
0.0	6054.948643771056	-19.777355194091797	-6.71647310256958	-36.91755676269531	15.282346725463867	36.35993576049805	-2.0437450408935547	200	0.670056267279404
0.0	6061.621915477263	-15.915241241455078	-9.112894058227539	-29.106143951416016	0.19328880310058594	22.505901336669922	-11.420519828796387	81	0.6673271706207886
0.0	6068.271696700056	-10.733230590820312	-0.7534017562866211	-23.510671615600586	11.39626407623291	20.14642333984375	-4.38041877746582	203	0.6649781222792435
0.0	6074.9023533140435	-5.194081783294678	7.420796871185303	-28.644912719726562	11.528535842895508	25.750164031982422	-5.132301330566406	98	0.6630656613986987
0.0	6081.503923384515	5.081425666809082	12.827559471130371	-46.06135177612305	35.337276458740234	24.732757568359375	-11.98491096496582	213	0.660157007047143
0.0	6088.138054707138	-2.920215606689453	0.3875703811645508	-64.55082702636719	27.322147369384766	41.774471282958984	-26.01774024963379	108	0.6634131322622747
0.0	6094.774616074018	-18.92938995361328	-11.972552299499512	-70.68350982666016	30.534339904785156	40.83262634277344	-31.925878524780273	192	0.6636561366880771
0.0	6101.372814615169	-42.15056228637695	-23.63485336303711	-48.20115661621094	-8.412576675415039	31.972579956054688	-29.345165252685547	103	0.6598198541150561
0.0	6107.92577995987	-40.10315704345703	7.508073806762695	-4.85000467300415	-15.278512954711914	14.405404090881348	2.5548667907714844	84	0.6552965344701273
0.0	6114.486216022591	-33.062156677246094	21.863338470458984	-13.439432144165039	14.587491035461426	19.24114227294922	9.428641319274902	180	0.6560436062720852
0.0	6121.010029989165	-27.519512176513672	22.596906661987305	-32.23427200317383	-6.17006254196167	39.67184829711914	3.355827808380127	43	0.6523813966573152
0.0	6127.477028971737	-15.795366287231445	11.49425220489502	-39.938419342041016	13.53873348236084	39.88278579711914	1.776073694229126	152	0.6466998982572477
0.0	6133.917425755504	-8.081130027770996	3.9980673789978027	-32.798248291015625	-1.7982531785964966	32.28508758544922	-2.547914743423462	17	0.6440396783767001
0.0	6140.35015540579	-10.401309967041016	2.910010814666748	-36.03593444824219	10.649803161621094	34.85959243774414	-0.05203986167907715	171	0.6432729650286205
0.0	6146.743851645097	-2.9849562644958496	-7.086442947387695	-34.36778259277344	-2.857616424560547	28.72251319885254	-7.847787380218506	347	0.639369623930611
0.0	6153.086166225872	1.8325823545455933	-9.298627853393555	-34.382568359375	6.844635009765625	34.32098388671875	0.17392098903656006	173	0.634231458077594
0.0	6159.391528963235	1.3021820783615112	-29.869850158691406	-30.743873596191406	-0.4759857952594757	18.593000411987305	-13.27980899810791	344	0.6305362737362843
0.0	6165.698175714553	-1.777867317199707	-38.3250617980957	-6.895713806152344	-3.1479380130767822	13.660914421081543	5.041691780090332	184	0.6306646751318151
0.0	6172.059838763958	-22.6389102935791	-24.5853328704834	16.65613555908203	-10.392942428588867	-23.337217330932617	-5.317257404327393	2	0.6361663049405009
0.0	6178.400865924102	-37.963478088378906	-11.623920440673828	16.451557159423828	-2.19730806350708	-4.3544769287109375	11.788932800292969	189	0.6341027160143385
0.0	6184.767710696994	-35.91092300415039	-12.493959426879883	4.189162254333496	-15.978615760803223	-5.782199382781982	-2.3864550590515137	17	0.6366844772892291
0.0	6191.189113701313	-29.912879943847656	-10.032654762268066	1.9489564895629883	-1.157137393951416	6.679576396942139	7.41808557510376	180	0.6421403004318251
0.0	6197.631447953655	-45.2252197265625	-2.8447790145874023	-4.5177130699157715	-17.962129592895508	6.735068321228027	-0.2928633689880371	36	0.6442334252342381
0.0	6204.031919155544	-52.597633361816406	-1.7809391021728516	-19.77202606201172	11.439203262329102	31.544294357299805	12.352640151977539	186	0.6400471201888518
0.0	6210.48389132263	-50.925376892089844	-14.94331169128418	-23.26024627685547	-19.679035186767578	18.956836700439453	-8.395883560180664	34	0.6451972167086916
0.0	6216.976637303142	-49.02143096923828	-18.181293487548828	-13.91162109375	7.897837162017822	26.742931365966797	12.662454605102539	187	0.649274598051137
0.0	6223.493492344345	-46.283077239990234	-9.862897872924805	-7.938763618469238	-19.35569190979004	4.963253021240234	-4.577861785888672	19	0.6516855041203653
0.0	6230.033797096242	-37.51862335205078	-4.734566688537598	-9.601134300231934	7.559422969818115	16.175081253051758	7.739522933959961	177	0.6540304751896402
0.0	6236.551048504712	-35.569332122802734	-1.2271966934204102	-4.060170650482178	-13.202422142028809	4.092285633087158	-0.6326086521148682	21	0.6517251408470159
0.0	6243.084044416111	-37.431209564208984	14.629345893859863	-10.888010025024414	9.40748405456543	14.021201133728027	5.109018325805664	171	0.6532995911399361
0.0	6249.593568238141	-47.61522674560547	4.764271259307861	-30.8471622467041	-17.118192672729492	30.781911849975586	-2.1101796627044678	10	0.6509523822030271
0.0	6256.10071998541	-54.82040023803711	-10.653562545776367	-37.1400032043457	16.3331356048584	41.15204620361328	6.265066146850586	172	0.6507151747268806
0.0	6262.604185177397	-58.08335876464844	-30.01719856262207	-27.332805633544922	-23.778568267822266	11.220040321350098	-15.476197242736816	346	0.6503465191987224
0.0	6269.141739116574	-46.737884521484375	-40.676979064941406	-7.1095404624938965	5.611187934875488	14.332926750183105	7.903447151184082	176	0.6537553939177083
0.0	6275.679420216935	-34.62257766723633	-30.089107513427734	44.28272247314453	-8.63121509552002	-53.961517333984375	-4.114107608795166	341	0.6537681100361024
0.0	6282.174163198455	-49.41386032104492	3.234381675720215	61.44374084472656	-0.9672859907150269	-60.52307891845703	2.7356107234954834	174	0.6494742981520358
0.0	6288.630435490056	-63.14458465576172	20.62116050720215	25.899917602539062	-21.615222930908203	-19.37473487854004	10.474569320678711	330	0.6456272291601131
0.0	6295.074019483475	-50.68709945678711	22.100570678710938	15.350947380065918	5.831366539001465	-17.631473541259766	-0.7507525682449341	175	0.644358399341914
0.0	6301.5357403463495	-49.191314697265625	8.876043319702148	26.46582794189453	-16.696561813354492	-23.308908462524414	6.846424102783203	331	0.6461720862874506
0.0	6308.003133923567	-66.97425079345703	26.935213088989258	36.62636947631836	7.873189926147461	-39.505008697509766	0.2924201488494873	179	0.6467393577216637
0.0	6314.499517190373	-88.6908187866211	33.51689910888672	-19.485395431518555	-32.658790588378906	26.935466766357422	8.304484367370605	324	0.6496383266806158
0.0	6321.000751211661	-73.11878967285156	16.683012008666992	-44.91360855102539	24.448894500732422	42.4925422668457	0.9610016345977783	179	0.650123402128828
0.0	6327.520732936537	-58.83310317993164	3.5354042053222656	-32.45600509643555	-25.42169761657715	29.40920066833496	-3.305018186569214	335	0.6519981724875423
0.0	6334.061933877476	-55.497154235839844	8.956075668334961	-37.968807220458984	14.035181999206543	35.415122985839844	-1.0400185585021973	176	0.6541200940938995
0.0	6340.615951799674	-33.21271896362305	4.1743855476379395	-49.5737190246582	-14.675596237182617	47.14755630493164	-3.861778736114502	304	0.6554017922197872
0.0	6347.165078139413	-19.414396286010742	-0.012917518615722656	-45.83700942993164	10.414205551147461	45.220191955566406	0.07185676693916321	181	0.6549126339738774
0.0	6353.746531883639	-13.691271781921387	-6.660966873168945	-30.002300262451172	-6.499946117401123	25.395219802856445	-5.970059394836426	332	0.6581453744226151
0.0	6360.324464047047	-23.440187454223633	-5.225497722625732	-18.72458267211914	6.500395774841309	19.995222091674805	1.943824052810669	180	0.6577932163407605
0.0	6366.9176149681825	-28.539627075195312	-1.949650526046753	-18.473623275756836	-12.215559005737305	15.639100074768066	-3.2781174182891846	333	0.659315092113637
0.0	6373.506856818815	-24.07982063293457	5.921258449554443	-16.063344955444336	8.182207107543945	15.812854766845703	0.8174325227737427	183	0.658924185063323
0.0	6380.089612681176	-13.075667381286621	4.567813396453857	-15.408601760864258	-5.897685527801514	15.672236442565918	-0.5712112188339233	338	0.6582755862360561
0.0	6386.668794596342	-7.590946197509766	3.1147971153259277	-11.46103286743164	3.7968080043792725	10.581083297729492	-0.5107023119926453	178	0.6579181915166401
0.0	6393.2390185739605	-6.189753532409668	8.64552116394043	4.657224178314209	-2.194296360015869	-1.4179333448410034	3.577685832977295	325	0.657022397761826
0.0	6399.82518028336	-15.539048194885254	35.847938537597656	1.109731674194336	1.6144139766693115	-5.987832546234131	-4.474947452545166	176	0.6586161709399484
0.0	6406.419042829911	-32.28855895996094	35.58186340332031	-30.885141372680664	-17.434839248657227	39.896297454833984	7.77744722366333	317	0.6593862546550653
0.0	6413.046478554648	-36.69740676879883	22.482927322387695	-53.248329162597656	14.724263191223145	46.26728820800781	-6.31582498550415	182	0.662743572473779
0.0	6419.675912861001	-25.480852127075195	1.0306720733642578	-64.41661071777344	-17.004478454589844	58.12570571899414	-9.564335823059082	326	0.6629434306352335
0.0	6426.323626136253	-14.648924827575684	-7.707422256469727	-64.1065444946289	12.843952178955078	63.491390228271484	-0.5993647575378418	182	0.6647713275251234
0.0	6432.925906350188	-8.407941818237305	-19.82988739013672	-35.045204162597656	-5.415318489074707	25.3644962310791	-10.906704902648926	304	0.660228021393535
0.0	6439.499899555055	-22.327003479003906	-10.669271469116211	-20.80685043334961	7.083690166473389	22.29254150390625	2.093627691268921	182	0.6573993204867656
0.0	6446.100874417498	-32.54158020019531	7.4812541007995605	-31.99372673034668	-12.789021492004395	31.260679244995117	-1.7675524950027466	328	0.6600974862443254
0.0	6452.694615605423	-28.279443740844727	6.521627426147461	-60.27227783203125	9.967279434204102	59.85219192504883	0.369192510843277	179	0.6593741187925032
0.0	6459.282009123818	-12.60586166381836	-10.565759658813477	-70.81034088134766	-10.976892471313477	60.71474075317383	-13.864714622497559	323	0.658739351839514
0.0	6465.866775787121	2.6074323654174805	-34.10065460205078	-59.13454818725586	8.946507453918457	61.3362922668457	2.5553805828094482	179	0.6584766663302405
0.0	6472.415636821874	10.971685409545898	-36.77025604248047	-16.44635772705078	3.9446027278900146	3.2824010848999023	-13.705750465393066	326	0.6548861034753328
0.0	6478.953505110697	5.1316118240356445	-27.89305305480957	10.239036560058594	-1.5259630680084229	-5.192441940307617	4.954896926879883	181	0.6537868288823353
0.0	6485.455403784061	-12.973773002624512	-10.860481262207031	42.9613151550293	0.9714876413345337	-44.21864700317383	2.199545383453369	320	0.650189867336404
0.0	6491.922623208308	-33.257450103759766	14.014105796813965	49.14451599121094	-1.8710626363754272	-50.365962982177734	-0.06439916789531708	184	0.6467219424247196
0.0	6498.3979294055935	-43.581974029541016	29.807861328125	27.4325008392334	-12.911188125610352	-17.021577835083008	11.807563781738281	326	0.6475306197285545
0.0	6504.876478589763	-33.0926513671875	29.629079818725586	10.648454666137695	6.43328857421875	-12.71015453338623	-0.1322767734527588	191	0.647854918416946
0.0	6511.322783411479	-12.29212760925293	29.45760154724121	12.174205780029297	-0.5126938819885254	-2.155587911605835	10.075515747070312	275	0.6446304821715594
0.0	6517.789254058792	-0.8723611831665039	34.144866943359375	-2.5515706539154053	16.175315856933594	0.4478871822357178	5.222036838531494	212	0.6466470647313369
0.0	6524.321646529228	-2.7350399494171143	13.943496704101562	-17.05742073059082	8.762167930603027	20.22138214111328	1.2790136337280273	104	0.6532392470436095
0.0	6530.858952189529	-6.367863178253174	3.0113422870635986	-19.11795425415039	10.378434181213379	14.042720794677734	-6.1352033615112305	201	0.6537305660301242
0.0	6537.410347067775	-10.790952682495117	2.1504030227661133	-20.62029457092285	3.7964224815368652	15.048638343811035	-11.378570556640625	140	0.6551394878245811
0.0	6543.957135659807	-11.423501968383789	3.984199047088623	-29.61583137512207	14.502561569213867	18.82976531982422	-14.685253143310547	228	0.6546788592032335
0.0	6550.51053845532	-22.96982192993164	-8.517319679260254	-43.35123062133789	4.216297149658203	23.50750732421875	-29.742172241210938	138	0.6553402795512908
0.0	6557.090890772158	-34.482872009277344	-19.452720642089844	-44.12063217163086	-2.8900070190429688	23.176124572753906	-38.72277069091797	226	0.6580352316837917
0.0	6563.687118626354	-42.296260833740234	-26.221202850341797	-29.63243865966797	-22.124799728393555	10.349555015563965	-35.04158401489258	145	0.6596227854196953
0.0	6570.289980188546	-40.44051742553711	-24.76060676574707	-20.135818481445312	-21.230106353759766	18.93580436706543	-26.219615936279297	223	0.6602861562191304
0.0	6576.931163312104	-35.28609848022461	-19.12415313720703	-6.126009464263916	-25.770965576171875	1.9520320892333984	-17.564437866210938	152	0.6641183123557803
0.0	6583.565737410756	-23.978736877441406	-15.428462028503418	-4.973197937011719	-17.34585189819336	7.7520952224731445	-12.437674522399902	215	0.6634574098651449
0.0	6590.157583795834	-22.73727798461914	-19.505516052246094	-4.588778972625732	-19.164764404296875	-3.6002073287963867	-15.31766414642334	144	0.6591846385078711
0.0	6596.72779256669	-17.174917221069336	-23.524799346923828	0.6911927461624146	-23.177444458007812	-2.7363462448120117	-12.758859634399414	234	0.6570208770855781
0.0	6603.320949859317	-3.1756486892700195	-25.856143951416016	-1.600195288658142	-9.903846740722656	-19.027423858642578	-11.663320541381836	149	0.6593157292626097
0.0	6609.927878933134	2.96268367767334	-27.533395767211914	-20.18491554260254	-1.3941655158996582	-22.61255645751953	-22.646522521972656	247	0.6606929073816654
0.0	6616.579463983818	-7.801379203796387	-17.05910301208496	-28.923446655273438	-3.2160534858703613	-12.537257194519043	-30.748815536499023	175	0.6651585050683789
0.0	6623.23513990893	-18.47199821472168	-12.937959671020508	-22.146583557128906	-18.06951904296875	-12.262792587280273	-22.82710075378418	224	0.6655675925112525
0.0	6629.879003339362	-26.258180618286133	-6.141539573669434	-7.1757121086120605	-25.740253448486328	-4.271021842956543	-9.84131145477295	198	0.6643863430431446
0.0	6636.524490580985	-22.51752281188965	7.555539131164551	-10.101324081420898	-22.652446746826172	7.384951591491699	-9.923957824707031	245	0.6645487241623819
0.0	6643.136386844712	-21.852834701538086	15.914772033691406	-0.38695430755615234	-20.754377365112305	17.116361618041992	-2.092095375061035	193	0.6611896263727777
0.0	6649.742320341988	-21.865083694458008	3.946260452270508	10.413509368896484	-21.817461013793945	3.735318183898926	10.589366912841797	249	0.6605933497275267
0.0	6656.330331712026	-13.385808944702148	-5.808756351470947	0.5403422117233276	-13.757586479187012	-4.7422380447387695	-1.1313114166259766	191	0.658801137003873
0.0	6662.912219273839	-12.159100532531738	-2.0768661499023438	-11.600188255310059	-11.932072639465332	-1.8004589080810547	-11.875080108642578	250	0.6581887561812394
0.0	6669.463397778971	-21.590068817138672	1.6452856063842773	-11.545602798461914	-20.41705322265625	2.9126076698303223	-13.241242408752441	190	0.6551178505132353
0.0	6676.033878709162	-28.45708656311035	-10.040995597839355	-12.62491226196289	-28.472103118896484	-10.501025199890137	-12.205817222595215	238	0.6570480930191216
0.0	6682.598561195428	-39.693355560302734	-18.266393661499023	-19.1323184967041	-39.333580017089844	-17.074851989746094	-20.865169525146484	195	0.6564682486266417
0.0	6689.144009966935	-40.04996871948242	-34.742408752441406	-26.625736236572266	-39.64398193359375	-35.96051788330078	-25.536602020263672	233	0.6545448771507204
0.0	6695.734792448623	-45.97986602783203	-54.2938232421875	-55.9923095703125	-43.59526062011719	-50.420623779296875	-60.79411697387695	198	0.6590782481687936
0.0	6702.335258068942	-79.25558471679688	-26.891239166259766	-85.49654388427734	-78.36041259765625	-25.581371307373047	-86.70049285888672	268	0.6600465620318288
0.0	6708.969395022361	-84.56543731689453	31.449230194091797	-60.96148681640625	-74.97017669677734	37.893924713134766	-68.66693878173828	189	0.6634136953419629
0.0	6715.6476958366675	-77.40733337402344	24.540847778320312	-24.34131622314453	-76.6281967163086	25.74151611328125	-25.533477783203125	239	0.6678300814306796
0.0	6722.312888323279	-67.91248321533203	14.513636589050293	-11.831965446472168	-68.6026840209961	12.925963401794434	-9.437894821166992	197	0.6665192486612106
0.0	6728.954354426795	-37.1586799621582	-5.406280517578125	-10.203787803649902	-37.07441711425781	-4.818258762359619	-10.785510063171387	237	0.6641466103515674
0.0	6735.612200970507	-33.96174240112305	2.7964420318603516	-16.808197021484375	-32.266056060791016	4.759145736694336	-19.41611099243164	198	0.6657846543711317
0.0	6742.240853778677	-28.459196090698242	8.571267127990723	-15.236125946044922	-28.19438934326172	8.883962631225586	-15.545272827148438	254	0.6628652808169695
0.0	6748.875375247041	-30.4539852142334	10.366076469421387	-10.34561538696289	-28.840625762939453	12.101516723632812	-12.685604095458984	193	0.6634521468364494
0.0	6755.506544655958	-29.25446319580078	2.8743410110473633	-0.8783036470413208	-29.146150588989258	3.6104087829589844	-1.5236612558364868	262	0.6631169408916915
0.0	6762.09845833575	-12.490955352783203	-24.0565185546875	-5.071089267730713	-13.482669830322266	-23.087797164916992	-6.421530246734619	202	0.65919136797918
0.0	6768.6918637373	-35.706790924072266	5.133197784423828	-44.740150451660156	-31.371238708496094	7.549060821533203	-47.372947692871094	192	0.659340540154955
0.0	6775.266080761455	-35.36981964111328	18.48973846435547	-41.39149475097656	-33.0267219543457	19.551958084106445	-42.77149200439453	208	0.6574217024154492
0.0	6781.767180450036	-21.25494956970215	2.5633034706115723	-36.445037841796875	-20.880964279174805	2.731992244720459	-36.64672088623047	253	0.6501099688580807
0.0	6788.310354386739	-30.541044235229492	-4.281072616577148	-45.4163818359375	-27.23052978515625	-2.2898731231689453	-47.47712707519531	210	0.6543173936702935
0.0	6794.929739254664	-27.89029312133789	-22.44038963317871	-39.268592834472656	-26.26342010498047	-20.862863540649414	-41.109710693359375	191	0.6619384867924576
0.0	6801.554721429846	-30.615482330322266	-29.182640075683594	-70.90096282958984	-30.683311462402344	-29.217830657958984	-70.85701751708984	223	0.6624982175181625
0.0	6808.225372439002	-37.96002197265625	-6.478437423706055	-74.16435241699219	-34.59471130371094	-4.972185134887695	-75.82015228271484	201	0.6670651009156617
0.0	6814.926441038732	-35.5215950012207	2.8459815979003906	-28.56570053100586	-32.371131896972656	5.446233749389648	-31.5924072265625	190	0.6701068599730554
0.0	6821.662195817163	-20.780216217041016	-5.630797863006592	-25.599462509155273	-20.080848693847656	-4.968850612640381	-26.268779754638672	225	0.673575477843057
0.0	6828.460995381918	-9.074499130249023	3.5361428260803223	-22.723936080932617	-6.723867416381836	4.2441511154174805	-23.309019088745117	205	0.6798799564755165
0.0	6835.277205474724	-4.756982326507568	10.442405700683594	-12.358993530273438	-4.477297306060791	10.478522300720215	-12.431108474731445	221	0.6816210092805819
0.0	6842.104337408406	-5.182333946228027	2.189089775085449	-20.826251983642578	-3.7073535919189453	2.481997013092041	-21.061250686645508	210	0.682713193368215
0.0	6848.981543994544	-37.41691589355469	23.56311798095703	-18.558874130249023	-34.3248291015625	25.726778030395508	-21.2159423828125	189	0.6877206586138962
0.0	6855.865784178646	-35.11250305175781	14.63072681427002	4.8445820808410645	-34.87248992919922	15.431894302368164	4.013762950897217	231	0.6884240184102041
0.0	6862.751642176559	-17.481061935424805	-6.110642910003662	5.254146575927734	-18.541362762451172	-4.413573265075684	2.6525304317474365	202	0.6885857997912417
0.0	6869.642636370918	-19.296703338623047	-15.254107475280762	-12.014802932739258	-18.92777442932129	-13.297531127929688	-14.486191749572754	190	0.6890994194359197
0.0	6876.489864009344	-21.525575637817383	-19.481821060180664	-12.04982852935791	-21.73741912841797	-18.75393295288086	-12.780488014221191	218	0.684722763842657
0.0	6883.328778044577	-12.873445510864258	-13.27991008758545	-21.683229446411133	-13.917786598205566	-14.112497329711914	-20.30238914489746	203	0.6838914035233199
0.0	6890.174460584136	-12.178047180175781	10.381376266479492	-28.12532615661621	-22.148487091064453	9.707886695861816	-20.3139591217041	216	0.684568253955864
0.0	6896.970410327229	-12.665749549865723	9.731356620788574	-25.342369079589844	-23.964555740356445	8.109538078308105	-14.36601734161377	214	0.6795949743092902
0.0	6903.801701981406	-24.2392635345459	-7.405908584594727	-6.774431228637695	-21.298742294311523	-11.88022518157959	-1.1238880157470703	233	0.6831291654177039
0.0	6910.643097007594	-48.62388610839844	-29.407419204711914	-41.81326675415039	-49.18686294555664	-30.11528968811035	-28.850688934326172	232	0.6841395026188766
0.0	6917.460844815923	-39.77119064331055	-20.538631439208984	-75.05323028564453	-49.43254852294922	-7.524204254150391	-57.2406120300293	238	0.6817747808329003
0.0	6924.253191128891	-17.431121826171875	-9.169356346130371	-78.40664672851562	-45.25584030151367	7.552274227142334	-56.488319396972656	230	0.679234631296749
0.0	6931.00323957398	-3.796438217163086	-2.9714012145996094	-48.927616119384766	-21.714494705200195	7.508309364318848	-38.607398986816406	233	0.6750048445089718
0.0	6937.718427431782	-12.201406478881836	-15.050577163696289	-53.232017517089844	-20.47429084777832	2.622532844543457	-44.39586639404297	173	0.6715187857801993
0.0	6944.48143984215	-16.723859786987305	-3.357327461242676	-56.33170700073242	-36.496734619140625	6.309176921844482	-39.09834289550781	233	0.6763012410367917
0.0	6951.167787346716	-18.513153076171875	3.3279457092285156	-52.63423156738281	-36.94790267944336	11.128113746643066	-33.69398880004883	234	0.6686347504566075
