0.0	0.0	0.1959051787853241	-4.901314735412598	-27.56010627746582	-7.673040866851807	17.099224090576172	-13.057663917541504	7.3533560472263275	0.0
0.0	6.177343015882432	-2.2533445358276367	-16.803850173950195	-14.6806058883667	-2.270066976547241	-1.4763844013214111	-14.532511711120605	306	0.6177343015882432
0.0	12.209559757870641	-3.8672337532043457	-19.897674560546875	-9.028861045837402	5.890186309814453	-0.8217035531997681	-11.628983497619629	352	0.603221674198821
0.0	18.308456124686543	-8.42015266418457	-22.68423843383789	-7.578423500061035	-0.7610291838645935	-10.653388023376465	-13.863296508789062	311	0.6098896366815904
0.0	24.258672513385793	-13.779784202575684	-23.563447952270508	-14.751152992248535	4.534430980682373	-1.6719536781311035	-17.448379516601562	35	0.595021638869925
0.0	30.313309829976998	-10.499719619750977	-22.693859100341797	-12.065751075744629	-4.182654857635498	-9.569844245910645	-16.066211700439453	305	0.6054637316591205
0.0	36.380210518324844	-22.641321182250977	-24.418777465820312	-6.373581409454346	-0.9168417453765869	-14.009572982788086	-16.524404525756836	333	0.6066900688347844
0.0	42.465090615129014	-32.14958572387695	-30.274486541748047	-18.124263763427734	-17.27986717224121	-17.49372100830078	-21.141563415527344	304	0.6084880096804169
0.0	48.53330903515054	-26.888132095336914	-35.330867767333984	-36.70302963256836	-3.9770658016204834	3.815432071685791	-32.49304962158203	336	0.6068218420021527
0.0	54.62589903477048	-12.714516639709473	-34.62877655029297	-40.32081985473633	-14.780672073364258	-2.675311326980591	-35.34590530395508	303	0.6092589999619942
0.0	60.70706113509005	-5.082376480102539	-39.391944885253906	-42.45956802368164	5.348055362701416	16.619483947753906	-32.186649322509766	26	0.6081162100319575
0.0	66.81378255286127	2.7325382232666016	-47.99319839477539	-37.716331481933594	-0.27371978759765625	-10.206795692443848	-43.05220413208008	303	0.6106721417771215
0.0	72.94113579899104	5.264043807983398	-51.215606689453125	-33.700740814208984	17.634361267089844	11.992076873779297	-31.154720306396484	29	0.6127353246129766
0.0	79.09820017076666	-2.536135673522949	-55.21817398071289	-10.492924690246582	11.119243621826172	-30.81635093688965	-31.932327270507812	299	0.615706437177562
0.0	85.29351489419183	-20.780122756958008	-52.50522232055664	-10.962334632873535	18.67237663269043	-19.754657745361328	-31.211944580078125	27	0.6195314723425176
0.0	91.48137400777932	-19.942333221435547	-43.080467224121094	-16.575725555419922	-5.613299369812012	-25.568185806274414	-27.64061164855957	297	0.6187859113587489
0.0	97.6735131340096	-20.510751724243164	-37.000282287597656	-16.043725967407227	9.076567649841309	-10.192986488342285	-26.381595611572266	16	0.6192139126230275
0.0	103.86723613703597	-19.26923942565918	-32.282875061035156	-18.003707885742188	-9.645495414733887	-15.781902313232422	-22.521564483642578	304	0.6193723003026371
0.0	110.09534414141152	-19.498531341552734	-25.006467819213867	-32.276405334472656	-1.4888901710510254	6.623419284820557	-26.985416412353516	45	0.6228108004375537
0.0	116.28481089404814	1.7415533065795898	-14.250579833984375	-41.430850982666016	-13.269737243652344	16.730831146240234	-25.49776840209961	301	0.6189466752636614
0.0	122.51554384349745	8.453144073486328	-15.705728530883789	-36.52378463745117	-2.0200486183166504	27.052270889282227	-16.239484786987305	32	0.6230732949449314
0.0	128.72085392716846	4.072334289550781	-27.649646759033203	-23.885875701904297	0.7980251312255859	-1.7837486267089844	-25.262542724609375	299	0.6205310083671021
0.0	134.90621043564124	-4.145172119140625	-33.16820526123047	-14.658841133117676	12.374273300170898	0.2546055316925049	-18.582077026367188	38	0.6185356508472782
0.0	141.0453587454933	-19.09215545654297	-37.884063720703125	-11.120940208435059	-6.34361457824707	-25.342050552368164	-21.276775360107422	300	0.6139148309852074
0.0	147.20079880215349	-33.18461608886719	-32.72766876220703	-30.14531898498535	-4.614622116088867	-5.962224960327148	-32.69291305541992	339	0.6155440056660189
0.0	153.3383699575833	-28.335880279541016	-29.214963912963867	-48.71183395385742	-30.43682861328125	-0.8460195064544678	-35.43352127075195	298	0.61375711554298
0.0	159.49417365587678	-14.276768684387207	-19.790910720825195	-57.094058990478516	-19.283973693847656	24.40897560119629	-32.87955093383789	318	0.6155803698293478
0.0	165.63006547226027	-11.71322250366211	-15.647961616516113	-52.633399963378906	-25.856367111206055	15.650702476501465	-32.14384460449219	296	0.6135891816383501
0.0	171.76740673175792	-7.003819465637207	-17.150043487548828	-53.688819885253906	-11.638555526733398	30.114391326904297	-27.951555252075195	7	0.6137341259497645
0.0	177.9241039463524	0.4279661178588867	-19.325075149536133	-45.69439697265625	-13.558626174926758	13.922294616699219	-31.834646224975586	298	0.6156697214594498
0.0	184.03130656990814	0.27881860733032227	-26.566062927246094	-37.2962760925293	2.2238929271698	20.654315948486328	-23.318819046020508	38	0.6107202623555742
0.0	190.13813902955474	-5.477065086364746	-32.5792350769043	-28.70744514465332	-4.728384494781494	-4.181763648986816	-28.995664596557617	298	0.610683245964659
0.0	196.27289861708718	-10.084606170654297	-36.96442794799805	-34.30577087402344	6.225883483886719	9.712406158447266	-29.45562744140625	20	0.613475958753245
0.0	202.41912695271392	0.395965576171875	-43.401771545410156	-30.530426025390625	0.5256824493408203	-9.603328704833984	-36.063289642333984	300	0.6146228335626756
0.0	208.57228691466042	-2.9552841186523438	-43.4373893737793	-29.486682891845703	13.403167724609375	7.0512614250183105	-29.228313446044922	38	0.6153159961946514
0.0	214.74427591427073	1.2568016052246094	-35.52650833129883	-45.61151123046875	-8.428245544433594	1.7523488998413086	-40.847633361816406	297	0.6171988999610295
0.0	220.92192738397122	13.81763744354248	-29.030025482177734	-47.817626953125	2.989938735961914	32.00825881958008	-26.478471755981445	1	0.6177651469700506
0.0	227.1423488881743	11.777083396911621	-20.674179077148438	-32.07963943481445	0.6467256546020508	7.013901710510254	-28.75051498413086	298	0.6220421504203071
0.0	233.30219590913552	-0.7626793384552002	-19.77783966064453	-28.378204345703125	0.5009112358093262	12.36693000793457	-20.140522003173828	3	0.6159847020961223
0.0	239.46197988523394	-3.453258514404297	-21.25619888305664	-28.207258224487305	-8.052772521972656	-0.5678274631500244	-24.882204055786133	298	0.6159783976098432
0.0	245.63597090614297	1.9991865158081055	-21.709440231323242	-26.99449920654297	-0.09549427032470703	8.574938774108887	-21.273874282836914	327	0.617399102090903
0.0	251.8098546254323	5.156332969665527	-26.67285919189453	-8.741579055786133	8.180099487304688	-9.87428092956543	-17.880773544311523	305	0.6173883719289327
0.0	257.99464582886685	-13.518834114074707	-36.97180938720703	1.2770164012908936	14.11245059967041	-20.80750274658203	-18.4752254486084	346	0.6184791203434553
0.0	264.1688900843245	-23.138011932373047	-45.561683654785156	-6.66097354888916	-1.7447600364685059	-31.329713821411133	-23.475374221801758	300	0.617424425545765
0.0	270.3342854662248	-27.398603439331055	-44.72587966918945	-23.549514770507812	8.399102210998535	-6.042572021484375	-30.97902488708496	7	0.6165395381900257
0.0	276.4112462753892	-13.229620933532715	-39.85814666748047	-32.68442916870117	-8.05490493774414	-0.09341239929199219	-29.273027420043945	307	0.6076960809164416
0.0	282.4689291597501	-6.672128677368164	-36.50867462158203	-37.53224563598633	7.911317348480225	29.95248031616211	-12.999719619750977	111	0.6057682884360883
0.0	288.4984659726904	0.15808677673339844	-31.841171264648438	-34.12818145751953	-3.592477798461914	15.9403715133667	-19.753986358642578	320	0.6029536812940324
0.0	294.5464193172806	0.17182230949401855	-20.978519439697266	-34.43306350708008	3.6784634590148926	35.1180305480957	-0.31336426734924316	4	0.6047953344590205
0.0	300.6027804860756	5.17881965637207	-18.336959838867188	-29.325275421142578	-1.2678675651550293	21.208223342895508	-9.820674896240234	337	0.6056361168794998
0.0	306.66345633690423	0.5661091804504395	-12.148492813110352	-20.749862670898438	2.6863646507263184	21.561784744262695	0.5841310024261475	8	0.6060675850828684
0.0	312.7135121318313	-8.702128410339355	-3.0990023612976074	-24.1555233001709	-4.841403007507324	21.40573501586914	-3.344395160675049	340	0.6050055794927056
0.0	318.75658520853943	-10.674575805664062	8.57249641418457	-36.62963104248047	2.9011833667755127	36.873069763183594	0.06660044193267822	12	0.6043073076708153
0.0	324.8342054178874	-4.005074501037598	4.813779830932617	-51.35795593261719	-2.621370792388916	50.06492233276367	-3.662219285964966	356	0.6077620209347953
0.0	330.9558807395178	2.669548988342285	-1.1139497756958008	-64.32305908203125	12.239875793457031	62.7590446472168	-0.8641144037246704	192	0.6121675321630378
0.0	337.1538129677876	13.562374114990234	-20.387331008911133	-64.03297424316406	4.337808609008789	53.048133850097656	-14.611623764038086	359	0.6197932228269819
0.0	343.3404152722121	16.274024963378906	-40.50070571899414	-50.979736328125	8.683802604675293	53.142921447753906	2.666102647781372	125	0.6186602304424518
0.0	349.5363544560493	4.185349941253662	-51.45928192138672	-18.908679962158203	2.7988853454589844	-0.26753103733062744	-19.17854118347168	356	0.6195939183837217
0.0	355.79486310862103	-10.167837142944336	-40.11617660522461	0.5279388427734375	-0.6541984677314758	3.2025158405303955	3.502990245819092	167	0.6258508652571712
0.0	362.0810879684875	-19.737667083740234	-26.501007080078125	1.5234222412109375	-7.604846000671387	-10.285181999206543	-8.462343215942383	6	0.6286224859866507
0.0	368.4119531094719	-21.92383575439453	-21.67586898803711	-1.692447543144226	-0.0179903507232666	4.812300205230713	2.9232850074768066	190	0.633086514098439
0.0	374.740768273659	-18.324607849121094	-24.468847274780273	-10.86729621887207	-6.331900596618652	0.07958190143108368	-10.997832298278809	11	0.632881516418713
0.0	381.04558795924527	-11.25285530090332	-34.78782272338867	-17.232030868530273	7.402106285095215	16.25310516357422	-0.12463009357452393	104	0.630481968558625
0.0	387.3077314441412	-13.699769973754883	-61.72703552246094	-15.378028869628906	4.347343444824219	-21.035343170166016	-33.28983688354492	344	0.6262143484895948
0.0	393.5564886419364	-20.06068992614746	-73.02157592773438	-26.24666976928711	23.910202026367188	-3.3093042373657227	-33.90194320678711	42	0.6248757197795195
0.0	399.7971333357902	-1.4747238159179688	-76.67000579833984	-39.15876770019531	8.502110481262207	-20.910541534423828	-55.664161682128906	332	0.6240644693853767
0.0	406.04877892155224	13.98934555053711	-84.3421630859375	-44.49931716918945	35.870361328125	9.529773712158203	-48.7825813293457	16	0.6251645585762057
0.0	412.27172178040536	35.03936767578125	-87.9600830078125	-38.28217697143555	37.467350006103516	-27.943525314331055	-68.22356414794922	322	0.6222942858853138
0.0	418.4564213128341	25.396589279174805	-92.9800796508789	-33.539669036865234	50.94516372680664	-0.6661624908447266	-51.36484909057617	25	0.618469953242872
0.0	424.60789235406935	26.819154739379883	-85.39929962158203	-47.214630126953125	28.104839324951172	-30.16080665588379	-72.6738510131836	303	0.6151471041235226
0.0	430.7172920547129	31.360628128051758	-67.02726745605469	-51.865482330322266	31.7889461517334	17.139965057373047	-53.68171691894531	2	0.6109399700643581
0.0	436.8427960391458	38.65240478515625	-49.05339050292969	-39.451778411865234	27.294002532958984	-4.269077301025391	-53.023155212402344	306	0.6125503984432911
0.0	443.0256112794969	29.69322967529297	-30.528823852539062	-20.82448959350586	22.647502899169922	6.1041975021362305	-26.728275299072266	326	0.6182815240351078
0.0	449.28686204953414	20.974267959594727	-24.106130599975586	-13.678780555725098	16.92180824279785	-4.05057430267334	-22.954654693603516	301	0.6261250770037211
0.0	455.54685097280714	20.16101837158203	-29.335744857788086	-20.219615936279297	17.41750717163086	9.836777687072754	-20.667510986328125	357	0.6259988923272994
0.0	461.8588231856974	32.061954498291016	-36.63138198852539	-10.150786399841309	30.097679138183594	-9.377706527709961	-28.0997371673584	316	0.6311972212890257
0.0	468.18136455262754	20.73550033569336	-43.1951789855957	0.6857028007507324	32.89924621582031	-3.88980770111084	-13.667339324951172	38	0.6322541366930144
0.0	474.54482135282404	6.817931652069092	-52.326316833496094	-2.7578721046447754	21.691200256347656	-32.06954574584961	-27.147125244140625	299	0.6363456800196492
0.0	480.90932973032915	0.8246145248413086	-56.088096618652344	-15.619681358337402	27.631208419799805	-10.138776779174805	-32.110496520996094	46	0.6364508377505096
0.0	487.3072112256508	15.602582931518555	-50.87747573852539	-23.892253875732422	18.006298065185547	-18.135597229003906	-40.263946533203125	303	0.6397881495321656
0.0	493.73656287351855	16.188737869262695	-50.30859375	-15.798934936523438	29.8323974609375	-0.06597614288330078	-26.763668060302734	44	0.6429351647867773
0.0	500.1641997822765	12.29439640045166	-45.40058135986328	-14.534082412719727	17.47333335876465	-21.62374496459961	-31.707828521728516	301	0.6427636908757941
0.0	506.5614522158412	10.350712776184082	-43.8787727355957	-12.857915878295898	24.29438591003418	-5.509413719177246	-25.385421752929688	17	0.639725243356467
0.0	512.9252882340722	12.686573028564453	-42.7480354309082	-8.41003704071045	19.51291847229004	-22.591623306274414	-26.771404266357422	312	0.6363836018231013
0.0	519.3199866823369	-1.3261632919311523	-44.404258728027344	-2.4234137535095215	23.29844856262207	-19.169404983520508	-22.5404109954834	13	0.6394698448264646
0.0	525.6463882699464	-17.704299926757812	-50.333248138427734	-14.496330261230469	-2.61135196685791	-37.478797912597656	-28.127166748046875	299	0.6326401587609497
0.0	531.9576452300771	-20.279916763305664	-56.4903678894043	-35.59375	10.57746696472168	-15.11009407043457	-48.39997863769531	30	0.6311256960130718
0.0	538.2815215228767	0.43689823150634766	-67.32978057861328	-56.77034378051758	-3.6709399223327637	-25.126083374023438	-65.56684875488281	302	0.632387629279954
0.0	544.6277256632825	27.951122283935547	-70.16353607177734	-63.19700622558594	26.701980590820312	22.118762969970703	-60.29759216308594	8	0.6346204140405747
0.0	550.9528984775452	55.97993469238281	-74.02511596679688	-36.03480529785156	48.1611328125	-22.56875991821289	-66.62479400634766	301	0.6325172814262743
0.0	557.2455240519342	44.573795318603516	-87.67455291748047	-9.245806694030762	63.06220245361328	-16.96869659423828	-44.485965728759766	355	0.6292625574388984
0.0	563.5539470896671	25.170093536376953	-83.0589599609375	-5.033092498779297	42.21244430541992	-52.146366119384766	-44.051246643066406	297	0.630842303773282
0.0	569.8631360174317	11.534262657165527	-77.22674560546875	-3.33423113822937	47.519771575927734	-24.774654388427734	-36.22407150268555	32	0.630918892776463
0.0	576.1765898060423	1.2766284942626953	-77.26966094970703	-4.416085720062256	24.33514976501465	-55.22879409790039	-36.36867141723633	295	0.6313453788610619
0.0	582.4771250458007	-5.93652868270874	-84.21668243408203	-13.71152114868164	39.38037109375	-34.46684265136719	-48.63758850097656	27	0.6300535239758384
0.0	588.8146533005751	-13.02177906036377	-84.79019927978516	-29.844772338867188	6.8714423179626465	-51.08171081542969	-54.66484069824219	300	0.6337528254774395
0.0	595.16935701326	-27.367021560668945	-73.24642181396484	-53.435794830322266	9.539522171020508	-16.347705841064453	-66.5794677734375	27	0.635470371268495
0.0	601.5019415373082	-19.991249084472656	-48.00419616699219	-75.32571411132812	-31.862184524536133	-5.1266632080078125	-62.57905960083008	312	0.6332584524048241
0.0	607.8450209248405	-9.565154075622559	-38.665245056152344	-83.55895233154297	-22.830135345458984	18.444683074951172	-63.967567443847656	326	0.6343079387532308
0.0	614.1795058171331	-3.288959503173828	-31.735334396362305	-80.42288208007812	-29.22654914855957	14.74754524230957	-59.66287612915039	296	0.6334484892292654
0.0	620.5244501091433	0.8135330677032471	-31.762414932250977	-75.81939697265625	-10.496063232421875	33.67451095581055	-51.35691833496094	11	0.6344944292010261
0.0	626.8720622342022	10.910510063171387	-27.28861427307129	-65.95130157470703	-13.168413162231445	12.825458526611328	-54.444847106933594	299	0.6347612125058852
0.0	633.1833799590207	16.918014526367188	-27.161943435668945	-54.7635383605957	1.936716079711914	28.80182647705078	-38.90654373168945	13	0.6311317724818517
0.0	639.465689961426	12.492607116699219	-23.142921447753906	-39.619606018066406	-1.0425167083740234	2.7901430130004883	-38.06000518798828	294	0.6282310002405298
0.0	645.6850639291415	4.520798683166504	-23.099287033081055	-37.87732696533203	0.45615148544311523	13.488269805908203	-30.453550338745117	19	0.6219373967715431
0.0	651.8849268705401	4.479308128356934	-13.440747261047363	-35.48313903808594	-8.15602970123291	6.336930274963379	-29.23548698425293	298	0.6199862941398624
0.0	658.0643720417996	1.7141380310058594	-7.443178653717041	-28.688703536987305	-6.250858306884766	14.448923110961914	-17.778125762939453	3	0.6179445171259554
0.0	664.2205394695842	2.379448890686035	-4.267465591430664	-20.30609893798828	-6.237494468688965	6.027675151824951	-14.969202041625977	296	0.6156167427784529
0.0	670.3615042230182	2.8587727546691895	-1.102614164352417	-11.671031951904297	-2.7684173583984375	7.919240474700928	-5.949642658233643	6	0.6140964753433956
0.0	676.5290906069694	-0.5514006614685059	-5.965804576873779	9.710756301879883	6.078733444213867	-8.446708679199219	3.4410672187805176	298	0.6167586383951128
0.0	682.7125456576237	-25.53540802001953	-19.852407455444336	15.241194725036621	6.89576530456543	-31.78022003173828	-6.174715042114258	21	0.6183455050654303
0.0	688.9083010660054	-42.90254211425781	-32.30235290527344	-8.164299964904785	-21.68149185180664	-33.189247131347656	-12.861475944519043	298	0.6195755408381756
0.0	695.155958473736	-46.01995849609375	-30.57683563232422	-37.2249641418457	-13.278563499450684	-14.538131713867188	-41.21358108520508	29	0.6247657407730526
0.0	701.4195539865943	-16.978994369506836	-21.17272186279297	-67.1187973022461	-36.11262130737305	10.152603149414062	-45.295257568359375	314	0.6263595512858406
0.0	707.7557910244406	4.804540157318115	-14.481073379516602	-68.10570526123047	-15.663084030151367	40.915306091308594	-36.36513137817383	37	0.6336237037846258
0.0	714.1288464767593	17.8356876373291	-12.838597297668457	-43.46036911010742	-5.101621627807617	18.670047760009766	-32.158729553222656	310	0.6373055452318834
0.0	720.499676313701	11.029329299926758	-16.127395629882812	-34.98869323730469	0.1291651725769043	23.95095443725586	-19.737323760986328	51	0.6370829836941608
0.0	726.8880503483941	-2.3304643630981445	-22.392576217651367	-34.40741729736328	-9.244329452514648	2.1031033992767334	-28.980972290039062	302	0.6388374034693167
0.0	733.2852034885124	-8.92629337310791	-27.583961486816406	-46.48545455932617	-3.07956600189209	16.559986114501953	-34.74140167236328	60	0.6397153140118188
0.0	739.6847214625556	-4.138946533203125E-4	-23.021814346313477	-63.07448196411133	-22.649066925048828	18.072772979736328	-42.770172119140625	305	0.6399517974043238
0.0	746.0841555206401	15.56824779510498	-16.944917678833008	-68.18145751953125	-10.160415649414062	50.39229965209961	-31.012075424194336	59	0.6399434058084632
0.0	752.4723794905074	38.275672912597656	-4.492664813995361	-39.86260223388672	4.934476852416992	32.40781021118164	-25.019630432128906	317	0.6388223969867248
0.0	758.8756992875957	38.2816047668457	-5.43145751953125	-11.107298851013184	9.813058853149414	28.55994415283203	4.621413230895996	50	0.6403319797088363
0.0	765.3065428992913	23.642478942871094	-24.145097732543945	17.492225646972656	31.448814392089844	-15.204421043395996	-5.129990577697754	308	0.6430843611695705
0.0	771.7395853997579	11.265697479248047	-41.0223503112793	27.585351943969727	36.966705322265625	-23.648426055908203	-1.3743414878845215	51	0.6433042500466503
0.0	778.1416905597808	-1.61995267868042	-60.1657829284668	32.23625183105469	36.35627365112305	-54.01716995239258	-13.265325546264648	309	0.6402105160022968
0.0	784.5746133355616	-20.405736923217773	-63.715171813964844	28.27383804321289	41.36478805541992	-46.3062629699707	-19.0915470123291	50	0.6432922775780741
0.0	791.0338699257418	-22.020381927490234	-50.36158752441406	12.945524215698242	11.006389617919922	-42.51118850708008	-18.388324737548828	313	0.6459256590180242
0.0	797.4975925400147	-25.978683471679688	-30.755279541015625	11.879222869873047	17.11651611328125	-22.98859214782715	-11.805797576904297	93	0.6463722614272968
0.0	803.9796203074123	-37.11392593383789	-2.314058303833008	1.476071834564209	-10.58440113067627	-10.914835929870605	-4.437163829803467	341	0.6482027767397702
0.0	810.4337788249067	-32.55503845214844	9.370230674743652	-22.678905487060547	-0.29259490966796875	13.624967575073242	-9.480072021484375	74	0.6454158517494315
0.0	816.887703463936	-6.732782363891602	1.8498291969299316	-36.14896011352539	-8.564164161682129	33.41542434692383	-3.6420116424560547	357	0.645392463902929
0.0	823.3130393608493	3.4873080253601074	-7.827481269836426	-32.392372131347656	2.5959279537200928	31.96464729309082	-0.4352869391441345	25	0.642533589691334
0.0	829.7395436341435	-0.6587473154067993	-9.82427978515625	-29.236543655395508	-1.657909631729126	23.63292121887207	-7.154275417327881	6	0.6426504273294216
0.0	836.1195125994557	-1.1149983406066895	-10.253299713134766	-39.08332824707031	7.788091659545898	39.20494079589844	0.5667908787727356	132	0.6379968965312143
0.0	842.4667493565981	10.263652801513672	-23.329761505126953	-47.33879852294922	3.489956855773926	35.934471130371094	-13.871356010437012	11	0.6347236757142429
0.0	848.794934016223	18.245140075683594	-31.02735137939453	-46.94675827026367	6.470032215118408	48.53282928466797	1.5832626819610596	132	0.6328184659624813
0.0	855.0968612224019	26.394454956054688	-37.08012390136719	-33.27092742919922	8.721752166748047	18.67658805847168	-15.625959396362305	15	0.630192720617892
0.0	861.3731037188164	24.483129501342773	-40.056060791015625	-22.878501892089844	0.05044889450073242	24.802846908569336	1.189777135848999	106	0.6276242496414552
0.0	867.6109868098222	18.334484100341797	-38.73081970214844	-11.120378494262695	7.017480373382568	-4.317857265472412	-15.073333740234375	19	0.6237883091005737
0.0	873.8291741211953	12.537759780883789	-27.496570587158203	-4.159116268157959	-0.20590269565582275	2.1452512741088867	-2.0936498641967773	45	0.6218187311373097
0.0	879.9870785019978	13.837746620178223	-24.117809295654297	-6.228427886962891	4.94236946105957	-3.182191848754883	-9.063543319702148	15	0.6157904380802501
0.0	886.1383360556083	18.7962589263916	-22.334815979003906	-2.2507452964782715	-3.28363299369812	0.6664945483207703	-2.423175811767578	63	0.6151257553610561
0.0	892.2259608490225	21.06120491027832	-15.480184555053711	4.694244384765625	5.129028797149658	-12.430389404296875	-5.982110500335693	22	0.6087624793414171
0.0	898.3053413369843	27.24245834350586	-1.666910171508789	-1.072312831878662	0.4286203384399414	-7.92515754699707	-7.750234603881836	292	0.6079380487961741
0.0	904.4127968089223	26.434810638427734	2.546607494354248	-20.100242614746094	18.55996322631836	8.529312133789062	-7.146658897399902	32	0.6107455471937977
0.0	910.4965457906608	21.68117904663086	-5.425780296325684	-31.162988662719727	19.58759117126465	5.168516159057617	-17.708587646484375	305	0.6083748981738534
0.0	916.5682978635863	12.68338394165039	-16.148027420043945	-24.90200424194336	13.24792766571045	0.4039425253868103	-18.742666244506836	69	0.6071752072925497
0.0	922.612292697077	8.865399360656738	-23.872407913208008	-13.872295379638672	-1.1118974685668945	-11.097330093383789	-18.889266967773438	298	0.6043994833490699
0.0	928.6794029777822	-4.945308685302734	-17.959522247314453	-10.478456497192383	-4.171581745147705	-4.80698299407959	-14.844239234924316	82	0.6067110280705154
0.0	934.7797846905022	-16.618118286132812	-12.499532699584961	-9.991781234741211	-10.046466827392578	6.561458110809326	-13.092752456665039	299	0.6100381712720069
0.0	940.8991889191182	-19.072586059570312	-15.52120590209961	7.116934776306152	-21.00381851196289	-7.913693904876709	-6.29224967956543	85	0.6119404228615958
0.0	947.0372929982598	-0.9128293991088867	-13.574260711669922	11.6365966796875	-14.456629753112793	-10.537765502929688	0.037362828850746155	301	0.6138104079141599
0.0	953.2074849368605	3.234790563583374	-7.760587215423584	-6.422955513000488	2.6320226192474365	-3.419276714324951	-6.837144374847412	82	0.6170191938600766
0.0	959.4043984158307	-3.06705379486084	-13.196351051330566	-15.089277267456055	0.021840155124664307	-0.7888683676719666	-15.378933906555176	74	0.6196913478970157
0.0	965.602819833521	-2.681990385055542	-21.283588409423828	-11.389852523803711	-3.5248255729675293	-8.419595718383789	-16.926103591918945	88	0.6198421417690345
0.0	971.8384603664969	6.123879432678223	-30.94437599182129	-15.435108184814453	-5.007421016693115	-14.474611282348633	-23.224517822265625	295	0.6235640532975852
0.0	978.1163661043857	10.738228797912598	-41.22011184692383	-19.529926300048828	2.552898645401001	-21.883403778076172	-28.933191299438477	82	0.6277905737888898
0.0	984.4265705714865	25.07741928100586	-42.83856201171875	-24.061107635498047	1.0100746154785156	-27.703998565673828	-33.06527328491211	301	0.6310204467100846
0.0	990.7248828061142	35.67852020263672	-43.74678039550781	-47.2204475402832	30.08397674560547	-18.714153289794922	-41.891117095947266	81	0.6298312234627715
0.0	997.0297656855089	8.945245742797852	-62.4704704284668	-80.73747253417969	11.557537078857422	-11.621286392211914	-78.3488540649414	306	0.6304882879394627
0.0	1003.4128513387449	-41.95568084716797	-72.63609313964844	-67.68859100341797	-22.87415313720703	-4.942586898803711	-80.28876495361328	78	0.6383085653235979
0.0	1009.7801473654115	-49.841468811035156	-67.75695037841797	-28.780832290649414	-49.519771575927734	-4.305135726928711	-56.14613723754883	353	0.6367296026666603
0.0	1016.1333349493577	-27.39905548095703	-57.16541290283203	-1.5834174156188965	-37.937957763671875	-29.700057983398438	-31.86297607421875	82	0.6353187583946245
0.0	1022.4553378212081	-3.3208723068237305	-40.28468322753906	-4.023464202880859	-20.10641860961914	-21.15167999267578	-21.573291778564453	307	0.632200287185038
0.0	1028.765415766908	-2.7540876865386963	-29.891368865966797	-16.434825897216797	-4.302928924560547	-10.860616683959961	-23.583499908447266	86	0.6310077945699999
0.0	1035.0470865141222	-5.387266159057617	-25.6785831451416	-21.6564998626709	-5.43662166595459	-2.6652913093566895	-25.555519104003906	295	0.6281670747214014
0.0	1041.2487578754763	-15.882564544677734	-22.850452423095703	-21.83111572265625	-7.323759078979492	1.7714166641235352	-24.527191162109375	83	0.620167136135407
0.0	1047.4367086672307	-18.81988525390625	-22.576126098632812	-15.770212173461914	-13.463936805725098	5.478249549865723	-21.35805320739746	296	0.6187950791754365
0.0	1053.6532840894738	-4.6400275230407715	-14.836272239685059	-3.1716363430023193	-6.756174087524414	-6.924855709075928	-9.504427909851074	80	0.621657542224314
0.0	1059.8784707032075	11.279415130615234	-10.563605308532715	-7.779687404632568	4.21247673034668	-9.076438903808594	-8.596691131591797	304	0.6225186613733833
0.0	1066.0792709426125	18.31167221069336	-16.96937370300293	-26.006181716918945	18.892681121826172	-4.896047115325928	-19.266510009765625	88	0.6200800239405084
0.0	1072.254411179184	3.4440860748291016	-23.736940383911133	-46.741920471191406	13.985260963439941	1.6834335327148438	-38.47410202026367	302	0.6175140236571443
0.0	1078.4595723905466	-21.121253967285156	-28.478694915771484	-50.133583068847656	-0.09779167175292969	10.774334907531738	-45.21645736694336	87	0.6205161211362644
0.0	1084.6931999860935	-22.768539428710938	-27.91666603088379	-38.5304069519043	-7.57595157623291	9.320029258728027	-39.69996643066406	307	0.6233627595546924
0.0	1090.9452735622065	-8.935324668884277	-23.461769104003906	-33.18785858154297	2.138155937194824	2.759171485900879	-30.881000518798828	88	0.6252073576112881
0.0	1097.207650307801	-0.9246759414672852	-22.791635513305664	-43.32231140136719	10.216571807861328	2.2151737213134766	-37.05710220336914	303	0.6262376745594663
0.0	1103.5483482005613	-3.5822696685791016	-31.995685577392578	-42.510746002197266	6.402109622955322	-1.3914294242858887	-40.15209197998047	77	0.6340697892760357
0.0	1109.897631136676	1.1575994491577148	-33.00340270996094	-36.38691711425781	2.0206570625305176	-6.561132431030273	-37.42494201660156	306	0.6349282936114627
0.0	1116.2224783167062	25.12915802001953	-32.1262321472168	-45.86201095581055	27.733936309814453	-9.447454452514648	-37.4418830871582	81	0.6324847180030293
0.0	1122.5150805147618	27.03213882446289	-36.18677520751953	-66.9374771118164	29.708343505859375	-13.172794342041016	-55.10203552246094	304	0.6292602198055659
0.0	1128.8203330903607	0.49863433837890625	-40.95355224609375	-72.26880645751953	20.419174194335938	3.4150619506835938	-61.11834716796875	86	0.6305252575598732
0.0	1135.15698746498	-12.598670959472656	-39.0393180847168	-56.749977111816406	1.2448663711547852	3.031036376953125	-55.16101837158203	306	0.6336654374619315
0.0	1141.4647338637033	-12.40979290008545	-32.18943405151367	-31.0089168548584	-5.006590843200684	-4.545787811279297	-35.32542419433594	87	0.6307746398723376
0.0	1147.784960333381	-1.200674057006836	-23.167898178100586	-25.140918731689453	-0.5092349052429199	-4.580384731292725	-26.765600204467773	305	0.6320226469677644
0.0	1154.1155889977554	-1.6905202865600586	-8.255022048950195	-25.030780792236328	7.562329292297363	4.535952568054199	-19.730600357055664	86	0.6330628664374469
0.0	1160.4571775988397	-9.461009979248047	-1.0808091163635254	-20.12856101989746	4.97321891784668	10.590628623962402	-14.389644622802734	302	0.6341588601084363
0.0	1166.7502515996905	-8.089210510253906	2.9056882858276367	-13.826947212219238	1.9992790222167969	10.859811782836914	-8.089144706726074	83	0.6293074000850828
0.0	1173.061824426301	-7.503404140472412	-5.079199314117432	-24.83005142211914	6.919072151184082	9.756318092346191	-17.89482879638672	298	0.6311572826610458
0.0	1179.374000388548	-29.495899200439453	-24.897233963012695	-23.910064697265625	-16.57025718688965	5.154972076416016	-29.56205940246582	83	0.6312175962246916
0.0	1185.7227626588683	-33.861427307128906	-33.18572235107422	-5.566251277923584	-33.5453987121582	4.028514862060547	-22.687816619873047	300	0.6348762270320398
0.0	1192.042419973022	-13.14459228515625	-26.502532958984375	14.44872760772705	-24.917104721069336	-19.97861099243164	-5.992349624633789	88	0.631965731415377
0.0	1198.3333859416684	5.1681036949157715	-15.27226448059082	10.046514511108398	-11.614861488342285	-13.97576904296875	-0.9163193702697754	292	0.6290965968646358
0.0	1204.6571026216504	5.5278239250183105	-13.695630073547363	-4.2847089767456055	0.7419021129608154	-8.89470100402832	-7.986330032348633	86	0.6323716679982077
0.0	1210.9568047721518	10.724065780639648	-21.129241943359375	-8.400117874145508	-1.9948935508728027	-14.518854141235352	-14.040094375610352	300	0.62997021505013
0.0	1217.2027646033782	16.039793014526367	-21.621143341064453	-7.9900736808776855	7.670113563537598	-18.002063751220703	-11.491905212402344	81	0.6245959831226429
0.0	1223.4438043645005	13.896612167358398	-14.178604125976562	-21.022586822509766	12.41801643371582	-13.340673446655273	-17.672677993774414	313	0.6241039761122331
0.0	1229.7181732101344	-3.8691458702087402	-9.51388931274414	-28.124027252197266	4.482107162475586	-1.8767192363739014	-26.78917121887207	117	0.6274368845633991
0.0	1235.9737064360506	-10.705647468566895	-10.304468154907227	-26.42682456970215	-4.125564098358154	-3.4839959144592285	-28.006683349609375	317	0.6255533225916271
0.0	1242.226407569307	-8.818986892700195	-3.125436782836914	-11.908493041992188	-3.7497787475585938	1.7134613990783691	-13.11040210723877	146	0.6252701133256375
0.0	1248.4165083280602	2.645261764526367	-0.11262750625610352	-6.111093997955322	4.420949935913086	-0.8120936155319214	-4.531369209289551	309	0.6190100758753184
0.0	1254.6129315682701	16.810035705566406	5.406381130218506	-3.4305834770202637	17.197717666625977	0.4572887420654297	3.645793914794922	155	0.6196423240209897
0.0	1260.808432781506	25.500885009765625	0.110137939453125	-18.866825103759766	28.21026611328125	-9.207465171813965	-7.710659027099609	286	0.6195501213236032
0.0	1266.99235805275	8.168277740478516	-14.327856063842773	-31.435653686523438	16.003643035888672	-7.426283836364746	-26.25032615661621	141	0.6183925271243982
0.0	1273.165879294733	0.8050270080566406	-28.50032615661621	-25.15784454345703	-0.516901969909668	-18.966381072998047	-27.778114318847656	270	0.6173521241983007
0.0	1279.3819276913675	10.662503242492676	-32.305931091308594	-23.668405532836914	9.171852111816406	-22.42694091796875	-25.34574317932129	131	0.6216048396634507
0.0	1285.6020937370372	21.647239685058594	-31.172815322875977	-42.012733459472656	20.253711700439453	-28.177425384521484	-36.28276443481445	298	0.6220166045669712
0.0	1291.806862550422	12.985973358154297	-28.334205627441406	-64.01853942871094	30.30392074584961	-10.890161514282227	-53.06444549560547	132	0.620476881338474
0.0	1298.0130227449793	5.744017601013184	-25.308940887451172	-72.6107177734375	25.607547760009766	-13.109482765197754	-62.755210876464844	292	0.6206160194557275
0.0	1304.153305239801	-3.929624557495117	-18.81891632080078	-65.76808166503906	22.760719299316406	7.469043731689453	-52.500728607177734	137	0.6140282494821814
0.0	1310.3079873501954	-4.8011603355407715	-8.208831787109375	-58.52096176147461	27.5227108001709	15.089216232299805	-37.98286056518555	262	0.6154682110394291
0.0	1316.4258883142534	6.06845760345459	-0.1538788080215454	-59.80121612548828	33.4333381652832	28.752967834472656	-28.294322967529297	93	0.6117900964058041
0.0	1322.5740380461352	-3.049274206161499	-2.161377191543579	-72.36527252197266	41.120845794677734	35.528499603271484	-30.623414993286133	192	0.614814973188188
0.0	1328.6802905017353	-19.417531967163086	-15.159003257751465	-71.80961608886719	17.77798080444336	44.52937316894531	-35.04031753540039	70	0.610625245560003
0.0	1334.7883572299338	-29.286415100097656	-24.354578018188477	-56.39427185058594	12.099225997924805	40.22765350341797	-28.475568771362305	265	0.6108066728198634
0.0	1340.9048080424277	-19.935665130615234	-25.045055389404297	-23.888843536376953	-7.340083122253418	9.980345726013184	-20.67730712890625	66	0.6116450812493963
0.0	1346.9707186854725	-1.807834267616272	-22.57337760925293	-17.821887969970703	-3.3919947147369385	3.8148763179779053	-17.935611724853516	268	0.6065910643044733
0.0	1353.0622813813113	11.834442138671875	-18.2034912109375	-25.80256462097168	11.970202445983887	1.300770878791809	-19.417680740356445	69	0.6091562695838721
0.0	1359.1216831540064	7.84718656539917	-17.689468383789062	-37.04119873046875	13.711870193481445	6.365836143493652	-26.147216796875	269	0.6059401772695063
0.0	1365.241113930929	-10.907630920410156	-19.97753143310547	-44.66122055053711	7.615067481994629	19.59549331665039	-29.361082077026367	68	0.6119430776922549
0.0	1371.3484717450274	-17.523435592651367	-19.09252166748047	-40.09339141845703	4.713059425354004	20.035688400268555	-29.050031661987305	279	0.6107357814098237
0.0	1377.4915643131412	-12.31912612915039	-20.183191299438477	-29.065303802490234	-0.5629215240478516	7.026603698730469	-25.790504455566406	82	0.6143092568113764
0.0	1383.618089084489	-6.251596450805664	-21.955759048461914	-21.89171600341797	-3.256532669067383	1.205308198928833	-23.346466064453125	273	0.6126524771347786
0.0	1389.7700059016947	-3.8423752784729004	-11.916850090026855	-9.66350269317627	-1.810483455657959	-1.3987061977386475	-11.239876747131348	88	0.6151916817205787
0.0	1395.8927149272818	3.5434584617614746	-3.1518805027008057	-1.7040727138519287	0.7766478657722473	-2.9153687953948975	-2.264556646347046	268	0.6122709025587005
0.0	1401.9948906591083	17.612703323364258	0.9532152414321899	-7.621574401855469	14.556068420410156	-1.7246136665344238	-1.1038036346435547	91	0.6102175731826429
0.0	1408.1350501034499	32.10509490966797	-1.9700050354003906	-27.667709350585938	28.77651596069336	-9.021231651306152	-14.244194030761719	270	0.6140159444341681
0.0	1414.2766984342213	32.720733642578125	-17.673349380493164	-61.92027282714844	44.35191345214844	10.111266136169434	-35.318809509277344	88	0.6141648330771472
0.0	1420.4516960266892	12.634050369262695	-35.82207107543945	-77.51964569091797	32.09490203857422	5.91860294342041	-56.845458984375	216	0.6174997592467835
0.0	1426.6199860046318	-3.1184120178222656	-41.12645721435547	-68.4119644165039	17.627506256103516	10.179295539855957	-54.65740966796875	89	0.6168289977942487
0.0	1432.835675995891	-22.19999122619629	-42.197994232177734	-60.02501678466797	-1.804558515548706	11.89248275756836	-57.04186248779297	282	0.6215689991259232
0.0	1439.0662812827088	-36.98169708251953	-37.76968765258789	-13.903907775878906	-29.49755859375	-6.278942108154297	-31.249584197998047	97	0.6230605286817782
0.0	1445.3270803123899	-26.014589309692383	-32.050010681152344	12.810504913330078	-37.370887756347656	-4.273433685302734	-10.285059928894043	273	0.626079902968109
0.0	1451.5964210048057	-2.252376079559326	-18.06714630126953	22.46431541442871	-17.754194259643555	-22.140384674072266	3.6445412635803223	91	0.6269340692415792
0.0	1457.9231654260739	12.868260383605957	-15.038177490234375	15.581634521484375	-9.644302368164062	-20.032859802246094	4.722175121307373	284	0.6326744421268081
0.0	1464.2966442397476	24.63990020751953	-5.292176723480225	-14.834446907043457	22.41064453125	-4.934075355529785	-6.324460983276367	109	0.6373478813673757
0.0	1470.7229730591273	15.92497730255127	-6.150516986846924	-48.160400390625	32.47618865966797	3.923943519592285	-28.483346939086914	246	0.6426328819379815
0.0	1477.1921937196596	-13.54377269744873	-17.270015716552734	-51.49113464355469	10.863719940185547	19.201751708984375	-36.586944580078125	95	0.6469220660532363
0.0	1483.7174417714546	-21.8487491607666	-23.998825073242188	-36.11700439453125	-3.396925926208496	13.684165954589844	-33.37204360961914	272	0.6525248051795007
0.0	1490.3219151439578	-18.016843795776367	-30.23198890686035	-8.013720512390137	-17.580936431884766	-8.793126106262207	-20.981346130371094	89	0.660447337250331
0.0	1496.9671640520046	-6.079431533813477	-29.63575553894043	0.9365345239639282	-19.90237808227539	-8.525752067565918	-14.388020515441895	261	0.6645248908046804
0.0	1503.6331757919136	-0.01793956756591797	-22.94799041748047	1.4007534980773926	-7.46514368057251	-14.209321022033691	-10.609071731567383	79	0.6666011739908878
0.0	1510.3117915196829	-5.107024669647217	-23.596458435058594	-6.019019603729248	-9.922794342041016	-3.810856342315674	-13.745844841003418	117	0.66786157277693
0.0	1517.0248057993267	-19.02726936340332	-3.380493640899658	-3.734117031097412	-10.100245475769043	6.719727993011475	-4.061983108520508	64	0.6713014279643865
0.0	1523.7522328567784	-10.870458602905273	14.046446800231934	-7.7345805168151855	8.701271057128906	14.889810562133789	3.959104537963867	275	0.6727427057451665
0.0	1530.4744017283629	-7.563393592834473	13.804222106933594	-7.453240394592285	3.8136484622955322	14.956258773803711	2.446747064590454	81	0.6722168871584568
0.0	1537.1513054469988	-5.3378190994262695	16.370546340942383	-2.40386700630188	8.288479804992676	11.27293586730957	6.689139366149902	266	0.6676903718635865
0.0	1543.7429096229964	9.219669342041016	13.400976181030273	11.758731842041016	4.21624755859375	-1.515474796295166	13.014867782592773	88	0.6591604175997596
0.0	1550.2934229925518	26.532590866088867	5.0689239501953125	1.9474000930786133	13.471902847290039	-13.741729736328125	4.524273872375488	271	0.6550513369555434
0.0	1556.7869828611072	10.596396446228027	-6.40589714050293	-16.413211822509766	12.172855377197266	1.4356553554534912	-9.975969314575195	85	0.6493559868555437
0.0	1563.2207703202785	5.693748474121094	-9.821949005126953	-21.985355377197266	9.621950149536133	1.5797967910766602	-15.82539176940918	270	0.643378745917121
0.0	1569.618985723934	2.2282776832580566	-19.64619255065918	-23.027542114257812	5.909636974334717	-0.31245970726013184	-20.3308162689209	86	0.6398215403655552
0.0	1575.9838263169347	0.25756025314331055	-33.353736877441406	-17.7757568359375	-7.558435440063477	-7.863955020904541	-25.438018798828125	224	0.6364840593000652
0.0	1582.3040236695595	5.8569512367248535	-37.92182540893555	-18.551057815551758	0.46090078353881836	-18.00355339050293	-27.357633590698242	83	0.6320197352624816
0.0	1588.599072337203	13.566823959350586	-45.59701919555664	-31.920263290405273	-0.9962387084960938	-21.342042922973633	-39.7080192565918	295	0.6295048667643751
0.0	1594.8993763964288	-3.9841620922088623	-54.198890686035156	-44.593318939208984	-1.8549944162368774	-29.63648223876953	-54.1169319152832	96	0.630030405922578
0.0	1601.1616896038913	-23.590274810791016	-45.46302032470703	-47.734832763671875	-22.552888870239258	-28.64035415649414	-56.45281219482422	332	0.6262313207462588
0.0	1607.435176364259	-25.337627410888672	-26.140451431274414	-30.249774932861328	-21.792709350585938	-18.511648178100586	-36.5267219543457	149	0.6273486760367726
0.0	1613.6557445510284	-16.561079025268555	-25.32454490661621	-20.34941864013672	-17.43010139465332	-22.221635818481445	-22.678871154785156	334	0.6220568186769379
0.0	1619.839362658349	-10.34017276763916	-30.930437088012695	-14.163272857666016	-11.275967597961426	-29.124576568603516	-16.418352127075195	184	0.6183618107320544
0.0	1626.0340861145287	-11.121355056762695	-36.60768127441406	-19.252674102783203	-12.842759132385254	-35.517547607421875	-19.96356964111328	338	0.6194723456179727
0.0	1632.2301868495617	-13.619762420654297	-34.745155334472656	-14.726411819458008	-14.634780883789062	-33.02192687988281	-16.966766357421875	204	0.6196100735032974
0.0	1638.4120505996484	-21.73578643798828	-33.998348236083984	-12.978049278259277	-24.110946655273438	-31.183629989624023	-15.161698341369629	331	0.6181863750086729
0.0	1644.5851639498906	-29.71015167236328	-32.12678527832031	10.4173583984375	-35.288658142089844	-27.460975646972656	2.6267309188842773	181	0.61731133502421
0.0	1650.7000148537265	-23.528703689575195	-45.331695556640625	26.985300064086914	-29.968046188354492	-42.47942352294922	24.826187133789062	336	0.6114850903835995
0.0	1656.7738263402791	12.825872421264648	-63.454803466796875	14.832975387573242	3.25803804397583	-64.08744812011719	13.710908889770508	184	0.607381148655265
0.0	1662.8704375275342	19.432249069213867	-60.11653137207031	-20.972597122192383	13.455341339111328	-61.91039276123047	-19.016794204711914	330	0.6096611187255152
0.0	1668.9611354813096	-8.365456581115723	-28.24588394165039	-28.35240936279297	-6.388021945953369	-24.86119842529297	-30.766483306884766	177	0.6090697953775466
0.0	1675.061871875916	-20.37200355529785	-24.857343673706055	-2.8315415382385254	-23.525955200195312	-20.958681106567383	-6.170692443847656	320	0.6100736394606325
0.0	1681.1449796664442	-4.910710334777832	-38.03742218017578	18.948562622070312	-14.40234088897705	-36.81777572631836	14.420116424560547	198	0.6083107790528176
0.0	1687.1889370618417	10.831188201904297	-47.06821060180664	13.593927383422852	-1.3263349533081055	-47.597084045410156	13.31279182434082	329	0.6043957395397541
0.0	1693.1942600266634	22.22385025024414	-52.3840446472168	-17.778839111328125	16.88817596435547	-53.0827522277832	-16.698631286621094	175	0.6005322964821769
0.0	1699.1809516348983	16.644128799438477	-46.76540756225586	-43.463279724121094	13.778887748718262	-48.352718353271484	-41.12488555908203	330	0.5986691608234919
0.0	1705.148028752149	5.247220039367676	-24.82634735107422	-52.97631072998047	12.521364212036133	-21.709613800048828	-51.49989700317383	167	0.5967077117250649
0.0	1711.103905565164	0.546201229095459	-16.95111656188965	-54.80830001831055	6.635931968688965	-16.19777488708496	-53.68101501464844	332	0.5955876813015111
0.0	1717.057974179639	-11.971878051757812	-21.77042007446289	-49.39628219604492	-4.808536052703857	-16.69765281677246	-51.21537399291992	167	0.5954068614474904
0.0	1723.0218175312016	-26.11825942993164	-25.832828521728516	-49.318328857421875	-22.715024948120117	-20.984594345092773	-52.5223503112793	326	0.596384335156278
0.0	1728.9894774377253	-36.47277069091797	-24.095027923583984	-28.25849723815918	-34.61830520629883	-18.302820205688477	-33.85435104370117	292	0.596765990652377
