0.0	0.0	-3.2092442512512207	-0.5772581696510315	-29.868080139160156	6.600336074829102	29.25503158569336	-0.2809981405735016	183.74482378842157	0.0
0.0	6.002973515021335	-17.243831634521484	0.22513961791992188	-15.891654968261719	-5.680828094482422	15.918911933898926	-1.7009565830230713	21	0.6002973515021335
0.0	12.041615459078013	-20.028100967407227	3.5832409858703613	-9.778951644897461	3.952338695526123	12.22563362121582	2.9101643562316895	154	0.6038641944056679
0.0	18.133195017550246	-23.49315071105957	8.218852996826172	-8.222030639648438	-8.297460556030273	11.753076553344727	1.8927706480026245	22	0.6091579558472233
0.0	24.205334826037603	-23.714767456054688	10.69964599609375	-15.038222312927246	6.7028021812438965	16.965028762817383	2.98533296585083	149	0.6072139808487357
0.0	30.323461119667456	-22.246559143066406	9.901896476745605	-11.131990432739258	-6.893965721130371	14.768373489379883	1.7758960723876953	29	0.6118126293629853
0.0	36.474614546014955	-23.869396209716797	19.969406127929688	-6.761092185974121	5.294630527496338	12.925838470458984	6.776396751403809	140	0.61511534263475
0.0	42.743544814540535	-28.861120223999023	24.935928344726562	-8.88124942779541	-3.4353339672088623	26.345733642578125	9.506630897521973	77	0.626893026852558
0.0	49.02339521253104	-31.66762924194336	26.693735122680664	-13.84932804107666	11.059770584106445	35.187889099121094	8.346372604370117	235	0.6279850397990507
0.0	55.33281075854506	-34.51793670654297	21.980632781982422	-16.669139862060547	-8.958303451538086	34.24029541015625	-5.281663417816162	115	0.6309415546014014
0.0	61.6430247875531	-33.515655517578125	14.54690933227539	-16.361732482910156	-2.3967666625976562	31.651628494262695	-8.099469184875488	226	0.6310214029008041
0.0	67.97687217482371	-24.390138626098633	9.472593307495117	-10.282401084899902	-9.833831787109375	18.794754028320312	-7.498764514923096	127	0.6333847387270612
0.0	74.30740738545273	-10.572281837463379	13.006573677062988	-15.130101203918457	8.854301452636719	17.596059799194336	-5.349350929260254	215	0.633053521062903
0.0	80.66488651955333	-2.794675827026367	17.49454689025879	-22.966115951538086	14.361074447631836	22.750751495361328	-7.066472053527832	131	0.6357479134100598
0.0	87.0756235373493	4.7507429122924805	20.709108352661133	-38.42385482788086	35.15986251831055	20.103723526000977	-13.263469696044922	238	0.6410737017795968
0.0	93.50239848575812	-0.8260173797607422	17.497968673706055	-60.7531623840332	34.24738311767578	36.491294860839844	-30.098636627197266	128	0.6426774948408822
0.0	99.92702924181603	-16.304901123046875	12.971251487731934	-71.3448715209961	36.35873031616211	35.865684509277344	-41.97050857543945	235	0.6424630756057914
0.0	106.2885290314845	-36.559165954589844	7.734705448150635	-46.761512756347656	-0.3537883758544922	36.214149475097656	-32.62379837036133	129	0.636149978966847
0.0	112.64468022995294	-22.68697738647461	12.138579368591309	-30.678434371948242	9.990966796875	27.728988647460938	-17.951522827148438	230	0.6356151198468444
0.0	119.00379942079338	-19.970592498779297	15.710892677307129	-48.015560150146484	14.05738639831543	36.41919708251953	-27.111759185791016	131	0.635911919084045
0.0	125.40532173761089	-44.405799865722656	12.837906837463379	-48.46632385253906	6.477896690368652	44.51515579223633	-32.16233444213867	196	0.6401522316817502
0.0	131.8138569394781	-58.22318649291992	6.588141918182373	-15.364555358886719	-31.171730041503906	29.823436737060547	-17.85886001586914	133	0.640853520186719
0.0	138.22719611510541	-45.702857971191406	11.754940032958984	13.752700805664062	-27.70770835876465	27.71746826171875	6.5998735427856445	235	0.641333917562734
0.0	144.55535727766468	-25.325153350830078	22.452747344970703	23.984731674194336	-21.986915588378906	14.62710189819336	19.218429565429688	131	0.6328161162559273
0.0	150.87029513739083	-2.0317583084106445	23.733184814453125	5.697545528411865	9.091219902038574	13.183956146240234	14.073598861694336	240	0.6314937859726155
0.0	157.14300429317038	-15.901026725769043	14.116483688354492	-31.562625885009766	10.167511940002441	28.10099220275879	-14.766592025756836	132	0.627270915577956
0.0	163.4298319437877	-45.53727722167969	-1.206613540649414	-30.97918701171875	-7.24632453918457	34.42314910888672	-25.002065658569336	238	0.628682765061732
0.0	169.76283710357828	-43.964866638183594	-16.09225845336914	17.594196319580078	-44.332008361816406	-4.505334854125977	-5.335437774658203	135	0.6333005159790575
0.0	176.09889396260266	-14.290618896484375	-11.256582260131836	27.867082595825195	-29.471450805664062	-6.358889579772949	9.135091781616211	227	0.633605685902437
0.0	182.43229703927994	-3.064046859741211	5.885890960693359	13.075947761535645	-6.469936370849609	-1.3800773620605469	9.243768692016602	122	0.6333403076677271
0.0	188.76653930458497	-6.272767066955566	9.106767654418945	-2.7112505435943604	4.170737266540527	8.69605827331543	2.629143238067627	240	0.6334242265305023
0.0	195.1087454948694	-21.860286712646484	10.801305770874023	-4.0630316734313965	-7.215115547180176	16.28573226928711	0.39638519287109375	126	0.6342206190284421
0.0	201.4320362988342	-23.124300003051758	15.361225128173828	1.7268731594085693	-0.4985027313232422	18.354476928710938	8.689228057861328	227	0.6323290803964793
0.0	207.7827588428898	-19.19449806213379	24.13217544555664	-5.673470497131348	0.6695647239685059	21.610626220703125	8.899518966674805	106	0.6350722544055614
0.0	214.18104722728577	-18.370759963989258	28.006717681884766	-14.520726203918457	20.223678588867188	23.69173240661621	10.652390480041504	218	0.6398288384395975
0.0	220.59534408864207	-28.690446853637695	35.774749755859375	-25.352848052978516	7.122215270996094	42.98577880859375	8.125941276550293	105	0.6414296861356286
0.0	226.94554581243304	-38.36824035644531	37.54965591430664	-33.69227981567383	31.844051361083984	42.383365631103516	14.48815631866455	195	0.635020172379098
0.0	233.25036875588927	-58.15237045288086	18.850215911865234	-33.59798049926758	-4.565279960632324	47.508949279785156	6.927761554718018	73	0.6304822943456226
0.0	239.47809522238356	-56.63451385498047	5.836918830871582	-26.0333251953125	3.49484920501709	30.82075309753418	4.406436920166016	88	0.6227726466494294
0.0	245.67467149025063	-52.4775505065918	8.962705612182617	-16.436338424682617	-12.859265327453613	21.059152603149414	2.0829226970672607	25	0.6196576267867083
0.0	251.81449416599125	-47.27821350097656	13.378846168518066	-15.20693302154541	14.23788833618164	20.216781616210938	7.736506462097168	188	0.6139822675740626
0.0	257.910871220264	-34.1408576965332	4.322999000549316	-21.5067138671875	-6.977707386016846	24.582698822021484	0.5352380275726318	28	0.609637705427278
0.0	264.0240938602526	-24.584232330322266	3.1723880767822266	-21.68881607055664	11.30526065826416	24.0295352935791	3.9772486686706543	189	0.611322263998858
0.0	270.1897197090203	-22.983858108520508	-6.122161865234375	-15.845425605773926	-5.6525678634643555	14.724822044372559	-2.660001277923584	24	0.6165625848767694
0.0	276.30452340353213	-17.76020622253418	-17.859739303588867	-0.4393758773803711	-0.24100446701049805	5.027529239654541	4.227097988128662	170	0.6114803694511828
0.0	282.4306978496735	-5.394969463348389	-9.828609466552734	15.312844276428223	-3.136152505874634	-17.301525115966797	-1.2194291353225708	13	0.6126174446141359
0.0	288.5628659767829	3.6411707401275635	6.21070671081543	4.113144874572754	-0.76020747423172	-5.401944160461426	-1.1399848461151123	187	0.6132168127109425
0.0	294.7070640173177	1.9808967113494873	7.750001907348633	-6.478880882263184	1.648379921913147	8.620673179626465	1.7027015686035156	21	0.6144198040534756
0.0	300.9115506093477	3.22244930267334	9.372980117797852	-9.106954574584961	3.306302309036255	6.8676652908325195	-1.7191119194030762	179	0.6204486592030014
0.0	307.1581008597581	-3.2965097427368164	16.341352462768555	-4.0198259353637695	-0.30127763748168945	9.568437576293945	4.902649879455566	16	0.6246550250410412
0.0	313.42427105298077	-15.581259727478027	16.734134674072266	0.4626290798187256	4.200767517089844	-0.8486181497573853	0.8749542236328125	176	0.6266170193222658
0.0	319.67512440348867	-19.750856399536133	16.671037673950195	4.9794511795043945	-6.29613733291626	1.4296119213104248	5.918743133544922	29	0.625085335050791
0.0	325.9007675430624	-14.378170013427734	24.755950927734375	-0.8145501613616943	5.0304670333862305	-1.290863037109375	-0.630181074142456	174	0.6225643139573737
0.0	332.11938387869145	-16.42212677001953	30.237993240356445	-8.763018608093262	-4.8863139152526855	18.983688354492188	8.754411697387695	16	0.621861633562907
0.0	338.3482535540984	-21.04368782043457	34.01750183105469	-27.453285217285156	12.695869445800781	24.969970703125	-0.24947738647460938	154	0.6228869675406917
0.0	344.58391932274606	-27.10569953918457	19.59014129638672	-46.29948425292969	-6.839792728424072	50.629581451416016	0.9736374020576477	18	0.6235665768647687
0.0	350.85395328189526	-27.94489288330078	3.3239989280700684	-50.30522918701172	18.95635223388672	50.48859405517578	2.5113000869750977	182	0.6270033959149204
0.0	357.13678351790236	-15.881275177001953	-13.701552391052246	-29.439285278320312	-3.4301528930664062	23.863256454467773	-7.203596591949463	17	0.6282830236007101
0.0	363.43469388993447	-6.509184837341309	-10.272005081176758	-5.6867289543151855	1.0389583110809326	7.830539703369141	1.827122688293457	183	0.6297910372032105
0.0	369.6933387369118	-12.41580581665039	8.843511581420898	23.34679412841797	-5.036860466003418	-19.108888626098633	4.664694309234619	28	0.6258644846977371
0.0	375.9514750274982	-14.515310287475586	29.301057815551758	25.8895263671875	-1.2171809673309326	-25.68460464477539	1.6336174011230469	175	0.6258136290586389
0.0	382.24290196313245	-26.54013442993164	44.73677062988281	2.1808767318725586	-6.067160606384277	13.155750274658203	13.990970611572266	18	0.6291426935634281
0.0	388.5504862903545	-38.84300231933594	42.15172576904297	-36.310157775878906	21.590103149414062	35.8645133972168	3.9639525413513184	163	0.630758432722204
0.0	394.82873339401783	-48.01374053955078	14.890535354614258	-59.03963088989258	-11.273250579833984	61.40520095825195	-1.9693268537521362	18	0.6278247103663321
0.0	401.09919693419454	-50.493988037109375	2.750016212463379	-66.52481842041016	28.496257781982422	67.85679626464844	5.382210731506348	178	0.6270463540176687
0.0	407.35934806161316	-37.48410415649414	-22.924427032470703	-59.72087097167969	-9.6453218460083	48.75056838989258	-14.710823059082031	15	0.6260151127418612
0.0	413.635182024701	-24.564176559448242	-25.842985153198242	-39.354854583740234	12.364725112915039	43.940521240234375	5.168100357055664	182	0.6275833963087835
0.0	419.91035079730904	-12.920392036437988	-15.342070579528809	-11.85047435760498	-4.120623588562012	5.878226280212402	-6.59112548828125	25	0.6275168772607999
0.0	426.1799955586554	-10.252962112426758	-1.2661232948303223	-6.554937839508057	3.2480216026306152	7.525405406951904	1.458081603050232	177	0.6269644761346361
0.0	432.45740035437916	-21.450651168823242	4.891376495361328	-10.942404747009277	-6.4026875495910645	12.43659782409668	0.4030364453792572	16	0.6277404795723768
0.0	438.7438582148096	-30.650495529174805	10.169922828674316	-18.171831130981445	10.689868927001953	19.0179443359375	2.6878020763397217	181	0.6286457860430452
0.0	445.04158035735054	-31.24555015563965	14.224982261657715	-33.20888900756836	-9.567559242248535	36.268836975097656	0.576056718826294	16	0.6297722142540922
0.0	451.3366793565345	-28.44258689880371	18.55267333984375	-41.45232391357422	12.53467082977295	35.714385986328125	-4.533392906188965	163	0.6295098999183947
0.0	457.63694273704175	-29.073204040527344	5.023857116699219	-44.09861373901367	-15.342460632324219	39.63274002075195	-5.45728874206543	346	0.6300263380507236
0.0	463.95725524841373	-33.0382080078125	-7.711885929107666	-36.119022369384766	10.674079895019531	35.7465934753418	0.4231245517730713	165	0.6320312511371994
0.0	470.2663950307313	-37.100345611572266	-8.140510559082031	-23.104555130004883	-12.798591613769531	18.506113052368164	-4.589883327484131	341	0.6309139782317571
0.0	476.60719701667574	-33.40999221801758	9.295801162719727	-19.18171501159668	8.847064018249512	21.04130744934082	3.000001907348633	177	0.6340801985944448
0.0	482.99068436528444	-36.514312744140625	27.168128967285156	-33.33951187133789	-7.198007583618164	43.154502868652344	6.62924861907959	7	0.638348734860867
0.0	489.40805595000086	-32.09557342529297	38.16094970703125	-59.850006103515625	34.92446517944336	57.84801483154297	4.3312296867370605	197	0.6417371584716434
0.0	495.8556394081711	-20.865550994873047	4.666479110717773	-85.89840698242188	6.625980377197266	82.32869720458984	-10.0376615524292	30	0.6447583458170223
0.0	502.32608782495254	-19.93155288696289	-10.11910343170166	-82.42948150634766	32.6021842956543	77.10604095458984	-4.220119953155518	205	0.6470448416781439
0.0	508.8000435402436	-24.12188148498535	-22.310707092285156	-53.490638732910156	0.6232700347900391	44.10721206665039	-14.280915260314941	41	0.6473955715291102
0.0	515.3040043238195	-26.59495735168457	-11.4801664352417	-34.49979782104492	12.21065616607666	38.0482177734375	0.2934863567352295	212	0.6503960783575851
0.0	521.8702167245937	-24.131946563720703	5.480646133422852	-40.1505126953125	4.670246124267578	41.042457580566406	-4.112719535827637	62	0.6566212400774146
0.0	528.4323311431508	-17.5025634765625	2.6720633506774902	-58.03030776977539	29.979780197143555	50.91304016113281	-4.918828010559082	205	0.6562114418557103
0.0	535.0288719721157	-20.63595962524414	-2.816822052001953	-54.78439712524414	8.559357643127441	48.50587463378906	-12.20751953125	66	0.6596540828964899
0.0	541.5748802837867	-22.55883026123047	8.443283081054688	-49.82603073120117	29.070524215698242	46.084083557128906	-1.911889672279358	210	0.654600831167097
0.0	548.065669957065	-29.211421966552734	17.620927810668945	-49.76966094970703	8.976747512817383	54.76543426513672	-1.5695767402648926	84	0.649078967327835
0.0	554.5090779928379	-33.199485778808594	18.223962783813477	-52.57967758178711	34.82688522338867	53.41154098510742	4.661130428314209	207	0.6443408035772877
0.0	560.9095247749545	-20.688617706298828	0.9358959197998047	-48.6687126159668	6.057151794433594	45.681640625	-8.051010131835938	66	0.6400446782116651
0.0	567.2668903633963	-8.64423942565918	-4.277607440948486	-33.54698944091797	14.773615837097168	29.894895553588867	-2.6601815223693848	192	0.6357365588441761
0.0	573.5425612445453	-1.028238296508789	5.380735874176025	-18.10944175720215	4.041217803955078	18.36545753479004	-0.8026723861694336	45	0.6275670881148919
0.0	579.7945895145441	-0.18875598907470703	13.99185562133789	-22.45939064025879	13.582773208618164	17.57572364807129	-1.8690969944000244	198	0.6252028269998813
0.0	586.0471462795642	-3.797795057296753	3.4060144424438477	-36.07744598388672	3.9661083221435547	34.44609832763672	-4.177976131439209	42	0.6252556765020094
0.0	592.2568055809091	-4.566036224365234	-14.777929306030273	-27.831754684448242	7.128553867340088	27.288599014282227	-0.9061853885650635	189	0.6209659301344918
0.0	598.4527139169046	-12.217290878295898	-4.173151016235352	0.6957018375396729	-3.7747445106506348	0.017508357763290405	0.03462338447570801	38	0.6195908335995425
0.0	604.69600305462	-14.916446685791016	2.5454821586608887	-5.935826778411865	5.092040061950684	9.116493225097656	3.905388116836548	201	0.6243289137715325
0.0	610.9669733725818	-19.787456512451172	-3.719165325164795	-0.29473209381103516	-7.202482223510742	1.3273380994796753	-0.2802855968475342	32	0.6270970317961938
0.0	617.2371354938125	-19.44792366027832	11.339963912963867	13.92757511138916	-0.2589060068130493	-9.236017227172852	5.5515594482421875	188	0.6270162121230649
0.0	623.5155817291238	-31.01810073852539	40.0257568359375	5.817049980163574	-9.738775253295898	10.909076690673828	15.055110931396484	20	0.6278446235311278
0.0	629.8265830597657	-28.72863006591797	54.15747833251953	-28.7778263092041	15.907011032104492	31.979259490966797	5.992618083953857	135	0.6311001330641854
0.0	636.1932041877762	-20.48098373413086	40.64038848876953	-49.81563186645508	-0.8820927143096924	61.04837417602539	7.770240306854248	23	0.6366621128010548
0.0	642.5476132629225	-9.168540000915527	27.845571517944336	-66.494873046875	26.67061996459961	59.61724853515625	-3.2157154083251953	189	0.6354409075146197
0.0	648.8217398597109	-1.2705103158950806	-4.325490951538086	-75.8694076538086	1.5348221063613892	69.7420883178711	-10.382462501525879	4	0.6274126596788434
0.0	655.1308777300113	-2.049034595489502	-28.93933868408203	-55.7543830871582	11.01186752319336	56.67311096191406	0.33437418937683105	189	0.6309137870300439
0.0	661.4547312222834	-23.920429229736328	-26.189308166503906	-28.170856475830078	-8.067174911499023	18.45694351196289	-11.10069751739502	4	0.6323853492272047
0.0	667.7223891799157	-46.86195373535156	2.569791793823242	-28.88197135925293	17.06336784362793	34.62887954711914	8.148164749145508	193	0.6267657957632266
0.0	673.9729751271432	-42.94142532348633	-2.7000465393066406	-44.021644592285156	-12.733777046203613	41.538551330566406	-5.483522891998291	6	0.6250585947227425
0.0	680.208400099039	-52.37760543823242	-19.939903259277344	-49.073707580566406	19.300922393798828	56.80691146850586	9.422760009765625	193	0.6235424971895768
0.0	686.4450105119888	-52.947689056396484	-15.06192398071289	-24.866985321044922	-16.561922073364258	21.03289031982422	-5.294808387756348	356	0.623661041294989
0.0	692.6537751890253	-55.3519172668457	12.947153091430664	-25.12828254699707	16.538951873779297	32.01576614379883	9.415053367614746	190	0.6208764677036508
0.0	698.8350875361896	-42.59535598754883	26.881271362304688	-50.132930755615234	-10.647797584533691	57.91347885131836	3.8638999462127686	6	0.6181312347164286
0.0	705.0199563633987	-32.28321075439453	18.345857620239258	-60.69793701171875	20.551240921020508	61.390743255615234	3.055018424987793	175	0.6184868827209118
0.0	711.1999375664642	-28.53699493408203	18.934375762939453	-52.561431884765625	-6.703935623168945	56.692020416259766	0.22104227542877197	7	0.6179981203065494
0.0	717.3382110696501	-31.530181884765625	31.513763427734375	-56.906497955322266	24.565940856933594	53.241851806640625	-0.04810476303100586	187	0.6138273503185938
0.0	723.4694878499834	-27.5744571685791	21.185117721557617	-72.4022216796875	-7.624008655548096	75.79644012451172	-1.23463773727417	360	0.6131276780333216
0.0	729.6011324053131	-24.407663345336914	6.65328311920166	-72.83743286132812	25.584583282470703	70.69405364990234	-0.13681888580322266	198	0.6131644555329759
0.0	735.7414163539236	-17.59423828125	-1.5489635467529297	-50.57033920288086	-3.605912923812866	47.64030456542969	-6.2159528732299805	4	0.6140283948610447
0.0	741.8959673418852	-18.3341007232666	10.263590812683105	-47.79844284057617	18.95962905883789	45.47957992553711	-0.32189321517944336	197	0.6154550987961693
0.0	748.0716882654747	-17.676515579223633	8.91147518157959	-48.16603088378906	-1.5344295501708984	49.298545837402344	-1.3880422115325928	5	0.6175720923589494
0.0	754.2569521793531	-27.481616973876953	7.055109024047852	-43.18777847290039	13.687088966369629	44.45808410644531	2.8290343284606934	183	0.6185263913878386
0.0	760.4774266823564	-34.66326141357422	5.332191467285156	-38.02687454223633	-12.627361297607422	37.42715072631836	-3.064687728881836	358	0.6220474503003317
0.0	766.7100096016919	-33.45766830444336	1.4733343124389648	-33.73365020751953	11.58326530456543	34.96116256713867	2.5099563598632812	188	0.623258291933553
0.0	772.980137665334	-35.0598258972168	0.011586189270019531	-15.709124565124512	-10.783087730407715	14.529866218566895	-1.6175920963287354	348	0.6270128063642149
0.0	779.2486234452278	-33.34775161743164	19.3169002532959	-1.4995516538619995	8.826576232910156	1.7188774347305298	2.186767578125	197	0.6268485779893773
0.0	785.4756398497567	-44.50553894042969	44.868934631347656	-2.5068588256835938	-12.187416076660156	18.277782440185547	14.521535873413086	352	0.6227016404528859
0.0	791.7107794778468	-55.81803894042969	50.14070129394531	-29.7435302734375	22.204622268676758	26.5142822265625	0.8489603996276855	194	0.6235139628090061
0.0	797.9371486394701	-60.365478515625	14.892513275146484	-54.55656433105469	-20.645057678222656	55.954505920410156	-1.2290253639221191	336	0.6226369161623364
0.0	804.1968470471403	-47.554134368896484	-13.545136451721191	-45.542354583740234	15.919914245605469	49.83205032348633	5.8432817459106445	191	0.6259698407670209
0.0	810.4597513781123	-39.69978332519531	-8.821577072143555	-0.21510744094848633	-9.669020652770996	0.4218124747276306	-0.5878937244415283	355	0.6262904330971996
0.0	816.7031460689071	-40.35392761230469	9.365198135375977	8.564291954040527	5.492490291595459	-4.716550827026367	5.597330570220947	190	0.62433946907949
0.0	822.9755692733748	-30.995561599731445	30.068218231201172	-7.421318054199219	-8.571232795715332	17.647775650024414	8.970462799072266	356	0.62724232044677
0.0	829.2370703332873	-14.80925464630127	32.07771682739258	-24.510835647583008	13.684042930603027	20.178794860839844	-1.8639235496520996	194	0.6261501059912477
0.0	835.4408646525086	-6.093438625335693	18.99916648864746	-33.96898651123047	0.3550897240638733	38.390174865722656	2.29150390625	4	0.6203794319221281
0.0	841.6934231024849	-0.6552186012268066	8.580839157104492	-30.16128921508789	10.255838394165039	27.03838348388672	-1.8891596794128418	189	0.6252558449976291
0.0	847.9523642926608	-0.5144147276878357	12.709335327148438	-6.477171897888184	0.24253131449222565	10.724782943725586	3.4857325553894043	4	0.6258941190175907
0.0	854.229757850147	-3.3169174194335938	39.70778274536133	-19.451250076293945	9.908935546875	15.306318283081055	-2.25919246673584	181	0.6277393557486212
0.0	860.4925116905141	-0.7878878712654114	24.2006893157959	-48.77961349487305	0.9961581230163574	54.2206916809082	1.7678444385528564	2	0.6262753840366998
0.0	866.7335846235694	0.018359899520874023	-1.4084854125976562	-42.41421890258789	10.41141128540039	40.681636810302734	-0.9934329986572266	185	0.6241072933055266
0.0	872.9525234162433	-17.503591537475586	-12.084175109863281	-10.81035327911377	-5.783529281616211	5.5382161140441895	-5.545907497406006	354	0.6218938792673857
0.0	879.1387597119476	-28.749631881713867	-7.380196571350098	-9.451483726501465	6.080160617828369	9.174050331115723	0.48862582445144653	173	0.6186236295704347
0.0	885.2687339428531	-25.98579216003418	-22.047367095947266	-18.93381118774414	-9.094886779785156	4.461241722106934	-13.376158714294434	334	0.6129974230905568
0.0	891.415604529346	-18.954334259033203	-28.221702575683594	-11.34183120727539	7.377724647521973	7.5776214599609375	-4.184869766235352	146	0.6146870586492823
0.0	897.6248489805412	-14.083610534667969	-26.31151580810547	6.070502281188965	1.6386380195617676	-19.626155853271484	-10.500944137573242	312	0.62092444511952
0.0	903.8308809699536	-27.051311492919922	-17.319963455200195	10.699719429016113	7.439497947692871	-20.387710571289062	-9.01690673828125	140	0.6206031989412343
0.0	910.0421723368818	-35.12396240234375	-11.380084037780762	0.6002607345581055	-15.181336402893066	-16.72293472290039	-5.157416343688965	297	0.621129136692826
0.0	916.2212703001563	-34.43301010131836	-9.212729454040527	-7.578154563903809	-3.240086555480957	-10.37596321105957	-15.465829849243164	145	0.6179097963274605
0.0	922.4132994631585	-29.522796630859375	-14.989850997924805	-2.6327037811279297	-14.398744583129883	-17.078645706176758	-6.291264533996582	281	0.6192029163002238
0.0	928.60177441422	-37.01525115966797	-18.98204231262207	-1.8098711967468262	1.3557472229003906	-23.10275650024414	-19.229045867919922	127	0.6188474951061523
0.0	934.8151566105292	-38.66033935546875	-27.388221740722656	-1.5897302627563477	-16.68630027770996	-30.283302307128906	-9.255073547363281	272	0.621338219630918
0.0	941.0883816831906	-51.22068405151367	-28.23074722290039	-8.942192077636719	-7.360015869140625	-31.38507843017578	-26.777183532714844	279	0.6273225072661354
0.0	947.3751281705491	-50.555503845214844	-27.478435516357422	-23.49230194091797	-37.985145568847656	-25.214235305786133	-17.09479522705078	265	0.6286746487358544
0.0	953.6417576916812	-47.03641891479492	-16.882904052734375	-40.03949737548828	-27.529029846191406	-9.82705307006836	-34.84125900268555	283	0.6266629521132018
0.0	959.8620743696646	-27.826618194580078	0.5427510738372803	-40.04308319091797	-39.073219299316406	6.27758264541626	-20.796262741088867	259	0.6220316677983437
0.0	966.0621798597226	-15.143288612365723	7.7546868324279785	-25.196115493774414	-22.912498474121094	9.846309661865234	-10.505908966064453	281	0.6200105490058079
0.0	972.2548335379631	-11.68523120880127	4.108916759490967	-9.115477561950684	-14.507023811340332	2.617722511291504	-2.5652623176574707	252	0.6192653678240514
0.0	978.4633243083018	-9.411890983581543	1.2016322612762451	-9.428461074829102	-10.636363983154297	-0.26395606994628906	-5.31259822845459	286	0.6208490770338738
0.0	984.5912950582884	7.541224002838135	13.14730167388916	-9.262975692749023	1.7000937461853027	14.835323333740234	-7.972405910491943	236	0.6127970749986604
0.0	990.7114449086108	11.567529678344727	23.671667098999023	1.250196933746338	0.0692281723022461	24.0155086517334	6.3969244956970215	312	0.6120149850322399
0.0	996.7926706831945	-6.534859657287598	22.950410842895508	12.122404098510742	-7.093016147613525	20.606525421142578	14.682355880737305	225	0.6081225774583683
0.0	1002.8702150970348	-27.699831008911133	26.52112579345703	15.777496337890625	-28.74440574645996	14.33171558380127	25.09627342224121	250	0.6077544413840332
0.0	1008.9538427623453	-36.005958557128906	21.428895950317383	36.61125946044922	-32.38181686401367	16.926555633544922	41.503963470458984	213	0.6083627665310458
0.0	1015.0297221222611	-41.224117279052734	-4.968990325927734	36.84852600097656	-29.207500457763672	-17.54075813293457	42.04063034057617	249	0.6075879359915769
0.0	1021.116578602669	-26.020641326904297	-16.711647033691406	25.86666488647461	-21.29944610595703	-19.145339965820312	28.04644775390625	214	0.608685648040796
0.0	1027.1861697568102	-15.06672477722168	-31.230770111083984	11.787270545959473	-4.243653297424316	-34.15380859375	9.874134063720703	290	0.6069591154141218
0.0	1033.250148432004	0.5322599411010742	-41.159767150878906	-22.113800048828125	1.0329859256744385	-40.67937469482422	-22.6162109375	213	0.606397867519368
0.0	1039.3204941538718	-1.3802947998046875	-37.46736145019531	-52.53749084472656	-2.579270362854004	-32.75153350830078	-54.2469596862793	294	0.6070345721867779
0.0	1045.4853077652665	-11.339783668518066	-4.807197570800781	-72.44287109375	-18.613157272338867	-4.720737457275391	-70.51548767089844	211	0.6164813611394748
0.0	1051.693052415006	-12.801780700683594	11.328642845153809	-66.01239776611328	-28.96998405456543	13.046016693115234	-58.71982955932617	257	0.6207744649739528
0.0	1057.9630477377518	-7.643815517425537	11.114385604858398	-50.02594757080078	-15.386859893798828	11.130102157592773	-47.734893798828125	216	0.6269995322745799
0.0	1064.2526956257866	-1.8498361110687256	2.420534133911133	-47.55781555175781	-12.757478713989258	6.215338706970215	-44.192161560058594	292	0.6289647888034765
0.0	1070.5509876980666	10.980785369873047	-5.611330032348633	-51.5379753112793	5.76478910446167	-3.9778079986572266	-52.216148376464844	214	0.6298292072280085
0.0	1076.871156964698	18.311765670776367	-1.2037538290023804	-62.6292724609375	5.741077423095703	8.12014389038086	-63.091766357421875	310	0.6320169266631449
0.0	1083.238584858457	14.408234596252441	24.792224884033203	-57.26958465576172	7.875620365142822	25.98540496826172	-57.737831115722656	209	0.6367427893758875
0.0	1089.623642879399	6.867334365844727	41.95930480957031	-37.014522552490234	-9.835143089294434	44.09819030761719	-32.20323944091797	302	0.6385058020942094
0.0	1096.0410418650276	-11.93992805480957	39.413787841796875	13.043880462646484	-13.452130317687988	37.908870697021484	15.089866638183594	216	0.6417398985628654
0.0	1102.4958671785782	-20.516944885253906	16.798240661621094	45.428321838378906	-17.290359497070312	13.216511726379395	47.59868240356445	236	0.645482531355069
0.0	1108.9233973134026	-11.127906799316406	-3.9745006561279297	44.25032043457031	-16.305191040039062	-3.505756378173828	42.38357925415039	196	0.6427530134824313
0.0	1115.3440398145567	2.7111964225769043	-5.220719337463379	36.105648040771484	1.064359188079834	-5.166993141174316	36.170440673828125	238	0.6420642501154151
0.0	1121.7657169844078	13.525686264038086	-3.0091490745544434	14.101348876953125	10.759462356567383	-4.771320819854736	15.643266677856445	190	0.6421677169851085
0.0	1128.1651122974613	12.498265266418457	-7.516345024108887	-5.421972274780273	12.098416328430176	-8.726364135742188	-4.369248867034912	281	0.6399395313053472
0.0	1134.5916902643442	0.9390082359313965	1.075819969177246	-29.199974060058594	6.045384407043457	2.077376365661621	-28.083049774169922	180	0.6426577966882958
0.0	1141.0593471489408	-7.812712669372559	0.33336448669433594	-37.91650390625	-5.219379425048828	0.704925537109375	-38.268585205078125	274	0.6467656884596729
0.0	1147.5306759902437	-17.577592849731445	-6.093934059143066	-38.59870910644531	-13.355541229248047	-3.869302749633789	-40.241329193115234	187	0.6471328841302953
0.0	1154.0454019850738	-21.768596649169922	-9.88722038269043	-47.91919708251953	-21.944669723510742	-9.975674629211426	-47.81982421875	266	0.6514725994830175
0.0	1160.5617375117804	-25.181203842163086	-1.0481891632080078	-55.74302291870117	-23.0386962890625	-0.2178802490234375	-56.62921905517578	192	0.6516335526706514
0.0	1167.082030829147	-30.367877960205078	7.9023847579956055	-62.197303771972656	-34.2525634765625	6.588212013244629	-60.204803466796875	286	0.6520293317366661
0.0	1173.608230958905	-40.69520568847656	12.45244026184082	-64.88172912597656	-40.5289306640625	12.520822525024414	-64.97240447998047	197	0.6526200129757994
0.0	1180.1526309233357	-42.442230224609375	22.40023422241211	-71.88993072509766	-49.89461135864258	19.589351654052734	-67.58611297607422	293	0.6544399964430465
0.0	1186.6906927363339	-58.54037857055664	48.36467742919922	-51.90489959716797	-59.3133430480957	47.98521423339844	-51.37274932861328	198	0.6538061812998281
0.0	1193.2525715437994	-75.03218078613281	41.917476654052734	-19.471435546875	-80.42823791503906	33.955352783203125	-11.936424255371094	307	0.6561878807465524
0.0	1199.793665934431	-66.14836120605469	18.92508316040039	7.660717487335205	-66.13651275634766	19.023040771484375	7.519003391265869	196	0.654109439063148
0.0	1206.2979521833809	-60.392669677734375	12.49500846862793	6.449318885803223	-60.67184066772461	7.6313323974609375	10.247745513916016	303	0.6504286248949921
0.0	1212.7882319816401	-61.69165802001953	9.18975830078125	10.248969078063965	-61.7670783996582	10.44687271118164	8.413044929504395	201	0.6490279798259182
0.0	1219.258688821613	-75.90786743164062	-2.5527639389038086	25.29191780090332	-74.1216049194336	-7.440559387207031	29.235490798950195	244	0.6470456839972936
0.0	1225.7367590326965	-66.64906311035156	-38.597145080566406	28.66476821899414	-67.10015869140625	-38.22541809082031	28.102685928344727	200	0.6478070211083351
0.0	1232.1814904251285	-59.07996368408203	-50.730712890625	-9.110921859741211	-53.33451843261719	-56.81146240234375	-5.713479042053223	298	0.6444731392432008
0.0	1238.6098229279085	-54.5890998840332	-15.173569679260254	-45.92405319213867	-55.92866897583008	-16.67885398864746	-43.69817352294922	199	0.6428332502779914
0.0	1244.9921714519435	-50.0841064453125	4.398990631103516	-46.52701187133789	-56.519405364990234	-3.6638965606689453	-37.79146957397461	316	0.6382348524034984
0.0	1251.373983047874	-37.70552062988281	22.929811477661133	-27.111061096191406	-43.145503997802734	19.391237258911133	-20.786115646362305	207	0.6381811595930496
0.0	1257.765551530255	-33.761268615722656	16.91653060913086	-6.1349592208862305	-37.470829010009766	5.434856414794922	4.049588680267334	271	0.6391568482380962
0.0	1264.1326271607418	-31.907384872436523	-6.1741437911987305	-4.737500190734863	-31.27884292602539	-9.615219116210938	0.40662336349487305	218	0.636707563048688
0.0	1270.489002226918	-34.65108108520508	-10.435483932495117	-22.276012420654297	-33.71535873413086	-17.447368621826172	-16.294092178344727	290	0.6356375066176172
0.0	1276.847086562902	-31.33177375793457	-7.857941150665283	-21.97410774230957	-33.264862060546875	-10.349594116210938	-17.31533432006836	221	0.6358084335983859
0.0	1283.2117090583095	-30.954570770263672	-13.523935317993164	-28.28579330444336	-31.298564910888672	-18.152801513671875	-23.427757263183594	287	0.6364622495407491
0.0	1289.5914688110918	-28.806020736694336	-7.441884994506836	-32.59912872314453	-31.4156551361084	-8.958098411560059	-29.48740005493164	210	0.6379759752782252
0.0	1295.97234582668	-28.29265022277832	-0.8894863128662109	-35.72248840332031	-32.65108108520508	-4.219642639160156	-30.98211669921875	301	0.638087701558834
0.0	1302.3672947538353	-29.625995635986328	11.769330978393555	-13.555520057678223	-30.54026985168457	10.882550239562988	-12.180886268615723	205	0.6394948927155129
0.0	1308.7745618456443	-26.647523880004883	-4.193216323852539	-0.5067257881164551	-25.25547218322754	-8.737822532653809	2.665280342102051	300	0.6407267091809083
0.0	1315.134430700426	-25.796607971191406	-10.273089408874512	1.1413276195526123	-25.400012969970703	-11.042184829711914	2.221890449523926	210	0.6359868854781683
0.0	1321.4433118794452	-30.529062271118164	-8.275379180908203	7.472399711608887	-27.624013900756836	-13.25128173828125	10.373270988464355	288	0.6308881179019261
0.0	1327.7830681291357	-15.392523765563965	-26.627382278442383	17.68825912475586	-13.987963676452637	-27.052692413330078	18.159503936767578	206	0.6339756249690409
0.0	1334.120758803322	-2.8394241333007812	-43.71318435668945	-4.205817222595215	5.029397964477539	-42.52886962890625	-7.336434364318848	259	0.633769067418624
0.0	1340.415153584976	3.462883710861206	-41.228370666503906	-33.174705505371094	3.249298095703125	-40.80607604980469	-33.56937789916992	208	0.6294394781654001
0.0	1346.6900812983952	7.445164680480957	-23.57038116455078	-49.08978271484375	3.221165657043457	-16.989381790161133	-50.951171875	295	0.6274927713419063
0.0	1352.9230682214513	10.252401351928711	-8.66170597076416	-43.5715446472168	3.9050867557525635	-6.008068084716797	-44.38615798950195	212	0.6232986923056261
0.0	1359.1434259754824	3.688309669494629	-5.486582279205322	-39.0792236328125	-5.700336933135986	1.542424201965332	-37.293182373046875	278	0.6220357754031036
0.0	1365.3372317426508	-2.031745433807373	1.9625988006591797	-27.93297576904297	-10.939936637878418	3.9251108169555664	-24.189517974853516	224	0.6193805767168337
0.0	1371.5516802892041	-8.90523624420166	-4.661860466003418	-32.94155502319336	-17.31346893310547	2.504796028137207	-25.117094039916992	249	0.6214448546553264
0.0	1377.7854876759823	-4.574199676513672	4.447383880615234	-44.83175277709961	-23.996875762939453	12.6451416015625	-31.800424575805664	238	0.6233807386778258
0.0	1384.0506135256737	-4.733272075653076	9.602669715881348	-32.5257568359375	-21.683862686157227	17.675567626953125	-15.4613676071167	275	0.6265125849691389
0.0	1390.3260462655733	-13.452192306518555	-6.149631500244141	-24.878538131713867	-19.320430755615234	-2.276747226715088	-17.419801712036133	250	0.6275432739899568
0.0	1396.62088649648	-15.490766525268555	-13.558662414550781	-40.53605651855469	-17.725704193115234	1.4017219543457031	-32.839542388916016	38	0.629484023090666
0.0	1402.939739806809	-3.4495668411254883	-8.114383697509766	-37.4681282043457	-15.412015914916992	1.0612776279449463	-31.160341262817383	249	0.6318853310329193
0.0	1409.2756722145516	-6.512859344482422	-12.770624160766602	-38.1810302734375	-12.443674087524414	2.623424530029297	-32.31595230102539	27	0.6335932407742663
0.0	1415.6162377098078	-5.475212574005127	-3.908385992050171	-37.645408630371094	-18.206167221069336	3.6084041595458984	-29.71466636657715	249	0.6340565495256283
0.0	1421.9446286500456	-6.195294380187988	0.6847250461578369	-34.45030975341797	-18.117355346679688	9.106645584106445	-24.28504753112793	296	0.6328390940237819
0.0	1428.3382825402755	-2.8060150146484375	2.4045839309692383	-23.859464645385742	-11.223295211791992	5.365109443664551	-19.157451629638672	242	0.6393653890229924
0.0	1434.7317078964895	-5.248166084289551	-3.3376474380493164	-15.788030624389648	-8.330063819885254	-0.1900005340576172	-12.71800708770752	282	0.6393425356214106
0.0	1441.0962503844437	-7.974406719207764	-12.975658416748047	-8.801704406738281	-7.381429672241211	-12.708060264587402	-8.103853225708008	238	0.6364542487954208
0.0	1447.4380858299655	-8.065804481506348	-20.198421478271484	-14.816261291503906	-3.8007564544677734	-17.71248435974121	-16.86328125	315	0.6341835445521942
0.0	1453.7096827989885	-14.420646667480469	-19.070667266845703	-27.18427848815918	-16.774005889892578	-19.050289154052734	-24.81531524658203	224	0.6271596969023014
0.0	1459.944694511931	-20.957111358642578	-13.955709457397461	-35.53197479248047	-23.59589385986328	-14.945475578308105	-31.582843780517578	313	0.6235011712942495
0.0	1466.1668927630587	-24.899951934814453	-1.5930790901184082	-32.24673843383789	-27.1257381439209	-2.5671520233154297	-30.241857528686523	215	0.62221982511279
0.0	1472.3821159861664	-30.029359817504883	8.39522647857666	-31.157751083374023	-35.46631622314453	4.2098283767700195	-25.44713592529297	300	0.6215223223107544
0.0	1478.6095798501722	-35.49565505981445	20.82071304321289	-15.403534889221191	-35.7266845703125	20.631078720092773	-15.12080192565918	206	0.6227463864005816
0.0	1484.8533140094532	-31.345701217651367	13.136689186096191	-4.1207275390625	-32.98695755004883	9.150915145874023	-0.47414112091064453	300	0.6243734159280988
0.0	1491.0918922340202	-16.50959587097168	-2.31809663772583	-1.264744520187378	-16.506349563598633	-2.394839286804199	-1.1596295833587646	205	0.6238578224566945
0.0	1497.2971513466882	-8.095198631286621	-6.844959259033203	-19.654571533203125	-9.21055793762207	-7.213563919067383	-18.87029266357422	294	0.6205259112668116
0.0	1503.5188618043435	-7.845553874969482	3.1148533821105957	-26.1803035736084	-7.350975036621094	3.2113161087036133	-26.30784797668457	202	0.622171045765527
0.0	1509.7363755175193	-7.7743682861328125	1.2084593772888184	-25.016605377197266	-9.67853832244873	0.9276962280273438	-24.285205841064453	309	0.6217513713175855
0.0	1516.0204717419476	-5.310022354125977	-7.683647632598877	-24.160951614379883	-4.418257236480713	-7.45528507232666	-24.381534576416016	200	0.6284096224428325
0.0	1522.3212638862442	-5.732540130615234	-21.427940368652344	-35.883148193359375	-6.1807122230529785	-21.353357315063477	-35.801029205322266	300	0.6300792144296501
0.0	1528.6573645173298	-22.038867950439453	-11.618013381958008	-49.36382293701172	-18.72130584716797	-10.138827323913574	-50.87224578857422	197	0.6336100631085629
0.0	1534.9810634863954	-30.921436309814453	-8.773824691772461	-39.542789459228516	-32.38044738769531	-10.288496971130371	-37.91162872314453	297	0.6323698969065671
0.0	1541.325251395615	-38.557334899902344	-10.224845886230469	-33.293270111083984	-37.1533203125	-8.81672191619873	-35.18886947631836	199	0.6344187909219541
0.0	1547.6825588421816	-34.741050720214844	-4.409782409667969	-38.65764236450195	-37.02290725708008	-6.802404403686523	-35.984371185302734	287	0.6357307446566656
0.0	1554.032332841278	-29.63460922241211	1.7556982040405273	-31.859830856323242	-27.81562614440918	2.8962907791137695	-33.3325309753418	199	0.6349773999096391
0.0	1560.3770182787969	-22.561237335205078	-4.991482734680176	-33.3548583984375	-24.15633201599121	-6.1856489181518555	-31.939943313598633	287	0.6344685437518865
0.0	1566.7622441298645	-13.502665519714355	-0.9145841598510742	-40.024356842041016	-11.352724075317383	-0.3149261474609375	-40.636348724365234	198	0.6385225851067569
0.0	1573.1665136791755	-7.234870910644531	2.618072986602783	-46.25865936279297	-9.697702407836914	2.6407527923583984	-45.74393081665039	275	0.6404269549311133
0.0	1579.550430227745	-6.04914665222168	8.914966583251953	-45.772457122802734	-3.768800973892212	9.173415184020996	-45.91968536376953	208	0.6383916548569444
0.0	1585.9423968237195	-6.068160057067871	9.852581024169922	-47.95701599121094	-9.419100761413574	9.954914093017578	-47.30944061279297	269	0.6391966595974503
0.0	1592.310424450436	-16.57752799987793	20.121980667114258	-46.81168746948242	-14.12718677520752	20.635448455810547	-47.342926025390625	199	0.6368027626716397
0.0	1598.6603649964695	-24.229494094848633	22.77424430847168	-34.70944595336914	-29.183725357055664	20.79450225830078	-31.898754119873047	303	0.6349940546033557
0.0	1604.962400588783	-34.4135856628418	14.452535629272461	-10.560792922973633	-34.04182815551758	14.880029678344727	-11.150228500366211	200	0.6302035592313507
0.0	1611.2442992018703	-35.86811447143555	3.6487650871276855	-3.554025888442993	-36.21794128417969	0.014954090118408203	-0.4815638065338135	298	0.6281898613087096
0.0	1617.5003146757485	-20.51728057861328	-3.852255344390869	-12.975357055664062	-20.538288116455078	-3.8832569122314453	-12.932781219482422	203	0.6256015473878392
0.0	1623.763774565578	-9.233078956604004	-9.286523818969727	-22.360748291015625	-10.265456199645996	-9.715506553649902	-21.566083908081055	287	0.6263459889829315
0.0	1629.9721573170332	-2.206181526184082	-4.33876895904541	-33.606178283691406	-1.9841617345809937	-4.321711540222168	-33.621315002441406	207	0.6208382751455291
0.0	1636.1655623541794	-10.373357772827148	5.709889888763428	-37.14583206176758	-13.713829040527344	5.376843452453613	-35.981170654296875	259	0.6193405037146168
0.0	1642.352380274067	-23.367530822753906	13.211438179016113	-22.053003311157227	-22.389558792114258	13.718206405639648	-22.732175827026367	202	0.6186817919887567
0.0	1648.5279691574572	-28.04342269897461	10.521644592285156	-16.216510772705078	-29.95806312561035	8.296693801879883	-13.881099700927734	294	0.617558888339033
0.0	1654.696190985146	-31.627214431762695	11.945585250854492	-14.260810852050781	-31.521455764770508	12.049263000488281	-14.406716346740723	201	0.6168221827688665
0.0	1660.8511179491777	-37.905372619628906	12.476157188415527	-14.97111988067627	-40.19548416137695	8.650640487670898	-11.181425094604492	290	0.6154926964031763
0.0	1666.9785067088337	-42.59819030761719	2.975112199783325	-8.41139030456543	-42.709754943847656	2.6547093391418457	-7.93912410736084	205	0.6127388759655978
0.0	1673.0954571267741	-39.79212951660156	-13.007384300231934	-19.707307815551758	-39.94175720214844	-15.76938533782959	-17.107263565063477	258	0.6116950417940478
0.0	1679.17522223158	-34.644248962402344	-11.49571704864502	-33.787139892578125	-33.97447967529297	-10.898921966552734	-34.64208221435547	210	0.6079765104805729
0.0	1685.2710413321395	-32.265769958496094	-5.256715774536133	-38.63623046875	-31.130088806152344	-4.3693623542785645	-39.64167404174805	244	0.6095819100559559
0.0	1691.3696168624535	-33.390254974365234	-1.603139877319336	-46.550846099853516	-18.89158058166504	8.265684127807617	-51.159812927246094	199	0.6098575530314037
0.0	1697.4663771785604	-37.98738098144531	2.1910037994384766	-44.918338775634766	-9.191425323486328	23.236038208007812	-46.39178466796875	241	0.6096760316106866
0.0	1703.5459409276048	-43.225929260253906	-0.7419576644897461	-34.7789192199707	-13.800643920898438	26.72142219543457	-31.839080810546875	154	0.607956374904443
0.0	1709.61043531563	-40.5531005859375	-6.259037017822266	-24.31258201599121	-13.071001052856445	26.16948127746582	-23.729961395263672	239	0.6064494388025288
0.0	1715.650729709342	-29.620073318481445	-5.969148635864258	-5.254249572753906	-18.638151168823242	8.994852066040039	-10.242429733276367	138	0.6040294393712085
0.0	1721.6774737541523	-7.112414360046387	-4.161348342895508	-7.59228515625	-2.0303664207458496	4.504908084869385	-7.1194257736206055	244	0.6026744044810419
0.0	1727.709180903702	0.22895240783691406	0.991915225982666	-22.387012481689453	11.090019226074219	11.11512279510498	-11.9047269821167	131	0.6031707149549623
0.0	1733.6864654211452	4.447575569152832	2.3871235847473145	-35.35123062133789	22.342042922973633	10.708538055419922	-19.97241973876953	245	0.5977284517443187
0.0	1739.6828408154436	2.256542205810547	-6.16923189163208	-44.14948272705078	19.69577407836914	14.095817565917969	-28.983234405517578	149	0.5996375394298489
